1.570499992370605469e+01
3.338166809082031250e+01
4.171500015258789062e+01
4.569833374023437500e+01
6.865499877929687500e+01
6.730333709716796875e+01
7.745666503906250000e+01
8.321333312988281250e+01
8.560666656494140625e+01
8.822000122070312500e+01
8.955333709716796875e+01
9.028166961669921875e+01
9.068666839599609375e+01
9.086666870117187500e+01
9.152166748046875000e+01
9.205500030517578125e+01
9.232333374023437500e+01
9.253166961669921875e+01
9.259166717529296875e+01
9.290499877929687500e+01
9.327166748046875000e+01
9.351333618164062500e+01
9.358499908447265625e+01
9.383333587646484375e+01
9.376000213623046875e+01
9.413833618164062500e+01
9.431999969482421875e+01
9.441000366210937500e+01
9.460832977294921875e+01
9.475166320800781250e+01
9.481500244140625000e+01
9.486333465576171875e+01
9.488666534423828125e+01
9.512000274658203125e+01
9.518666839599609375e+01
9.534999847412109375e+01
9.544000244140625000e+01
9.541999816894531250e+01
9.553500366210937500e+01
9.558499908447265625e+01
9.566166687011718750e+01
9.574500274658203125e+01
9.593166351318359375e+01
9.598833465576171875e+01
9.600833129882812500e+01
9.613333129882812500e+01
9.615499877929687500e+01
9.606166839599609375e+01
9.617666625976562500e+01
9.623332977294921875e+01
9.628166961669921875e+01
9.633499908447265625e+01
9.632833099365234375e+01
9.636666870117187500e+01
9.647499847412109375e+01
9.641833496093750000e+01
9.651999664306640625e+01
9.652999877929687500e+01
9.658000183105468750e+01
9.660333251953125000e+01
9.672833251953125000e+01
9.676667022705078125e+01
9.670333099365234375e+01
9.676833343505859375e+01
9.678333282470703125e+01
9.680666351318359375e+01
9.684500122070312500e+01
9.688833618164062500e+01
9.693666839599609375e+01
9.691500091552734375e+01
9.695166778564453125e+01
9.698332977294921875e+01
9.699666595458984375e+01
9.697000122070312500e+01
9.708333587646484375e+01
9.707499694824218750e+01
9.688999938964843750e+01
9.709833526611328125e+01
9.712500000000000000e+01
9.722166442871093750e+01
9.709500122070312500e+01
9.705666351318359375e+01
9.721833038330078125e+01
9.723000335693359375e+01
9.729666900634765625e+01
9.729333496093750000e+01
9.733666992187500000e+01
9.729333496093750000e+01
9.735666656494140625e+01
9.737333679199218750e+01
9.735832977294921875e+01
9.739833068847656250e+01
9.740333557128906250e+01
9.742666625976562500e+01
