4.211833190917968750e+01
7.448666381835937500e+01
8.505000305175781250e+01
8.866333007812500000e+01
9.095999908447265625e+01
9.206999969482421875e+01
9.325833129882812500e+01
9.369833374023437500e+01
9.433666992187500000e+01
9.455999755859375000e+01
9.515833282470703125e+01
9.530833435058593750e+01
9.574666595458984375e+01
9.587666320800781250e+01
9.598166656494140625e+01
9.631166839599609375e+01
9.647666931152343750e+01
9.652500152587890625e+01
9.673000335693359375e+01
9.676333618164062500e+01
9.690833282470703125e+01
9.706333160400390625e+01
9.713666534423828125e+01
9.700333404541015625e+01
9.734666442871093750e+01
9.728500366210937500e+01
9.739666748046875000e+01
9.735666656494140625e+01
9.753500366210937500e+01
9.762999725341796875e+01
9.763166809082031250e+01
9.778333282470703125e+01
9.761166381835937500e+01
9.777833557128906250e+01
9.783499908447265625e+01
9.780999755859375000e+01
9.793000030517578125e+01
9.772833251953125000e+01
9.795166778564453125e+01
9.795999908447265625e+01
9.801499938964843750e+01
9.808833312988281250e+01
9.812999725341796875e+01
9.816000366210937500e+01
9.818000030517578125e+01
9.806500244140625000e+01
9.819999694824218750e+01
9.814833068847656250e+01
9.819166564941406250e+01
9.826667022705078125e+01
9.818000030517578125e+01
9.828166961669921875e+01
9.826499938964843750e+01
9.813999938964843750e+01
9.818333435058593750e+01
9.834999847412109375e+01
9.836499786376953125e+01
9.833333587646484375e+01
9.836000061035156250e+01
9.829000091552734375e+01
9.833000183105468750e+01
9.833000183105468750e+01
9.839333343505859375e+01
9.835832977294921875e+01
9.838833618164062500e+01
9.836833190917968750e+01
9.839333343505859375e+01
9.846833038330078125e+01
9.851833343505859375e+01
9.849166870117187500e+01
9.849166870117187500e+01
9.852999877929687500e+01
9.853666687011718750e+01
9.850499725341796875e+01
9.851333618164062500e+01
9.855166625976562500e+01
9.843000030517578125e+01
9.853166961669921875e+01
9.858999633789062500e+01
9.854000091552734375e+01
9.856500244140625000e+01
9.858666992187500000e+01
9.857666778564453125e+01
9.862000274658203125e+01
9.863833618164062500e+01
9.859833526611328125e+01
9.858333587646484375e+01
9.861499786376953125e+01
9.857166290283203125e+01
9.850333404541015625e+01
9.858833312988281250e+01
9.856999969482421875e+01
9.862666320800781250e+01
9.867500305175781250e+01
