4.217333221435546875e+01
7.555333709716796875e+01
8.576999664306640625e+01
8.950333404541015625e+01
9.119999694824218750e+01
9.251166534423828125e+01
9.342500305175781250e+01
9.415166473388671875e+01
9.459166717529296875e+01
9.497499847412109375e+01
9.529499816894531250e+01
9.559999847412109375e+01
9.580500030517578125e+01
9.593833160400390625e+01
9.623833465576171875e+01
9.641833496093750000e+01
9.660666656494140625e+01
9.672499847412109375e+01
9.680833435058593750e+01
9.693000030517578125e+01
9.710333251953125000e+01
9.719166564941406250e+01
9.733000183105468750e+01
9.739833068847656250e+01
9.752333068847656250e+01
9.751499938964843750e+01
9.764666748046875000e+01
9.769833374023437500e+01
9.778666687011718750e+01
9.784166717529296875e+01
9.787333679199218750e+01
9.790000152587890625e+01
9.801667022705078125e+01
9.803166961669921875e+01
9.806999969482421875e+01
9.810500335693359375e+01
9.818833160400390625e+01
9.823500061035156250e+01
9.824333190917968750e+01
9.831666564941406250e+01
9.834666442871093750e+01
9.838166809082031250e+01
9.840333557128906250e+01
9.841166687011718750e+01
9.847666931152343750e+01
9.846166992187500000e+01
9.852666473388671875e+01
9.856166839599609375e+01
9.857499694824218750e+01
9.860333251953125000e+01
9.861333465576171875e+01
9.868499755859375000e+01
9.869499969482421875e+01
9.866333007812500000e+01
9.869166564941406250e+01
9.870833587646484375e+01
9.875000000000000000e+01
9.875833129882812500e+01
9.874833679199218750e+01
9.879333496093750000e+01
9.881999969482421875e+01
9.883333587646484375e+01
9.883499908447265625e+01
9.887999725341796875e+01
9.883666992187500000e+01
9.887833404541015625e+01
9.890499877929687500e+01
9.886833190917968750e+01
9.890666961669921875e+01
9.893499755859375000e+01
9.895833587646484375e+01
9.897499847412109375e+01
9.898666381835937500e+01
9.899166870117187500e+01
9.902833557128906250e+01
9.902333068847656250e+01
9.899166870117187500e+01
9.900000000000000000e+01
9.902666473388671875e+01
9.905166625976562500e+01
9.907499694824218750e+01
9.905833435058593750e+01
9.905333709716796875e+01
9.908666992187500000e+01
9.909166717529296875e+01
9.909666442871093750e+01
9.913500213623046875e+01
9.912000274658203125e+01
9.912333679199218750e+01
9.912333679199218750e+01
9.911499786376953125e+01
9.914833068847656250e+01
9.915499877929687500e+01
9.916333007812500000e+01
9.913666534423828125e+01
9.916166687011718750e+01
9.916000366210937500e+01
9.917500305175781250e+01
9.919999694824218750e+01
9.920999908447265625e+01
9.923999786376953125e+01
9.923999786376953125e+01
9.923999786376953125e+01
9.925333404541015625e+01
9.921666717529296875e+01
9.923000335693359375e+01
9.925499725341796875e+01
9.925333404541015625e+01
9.928333282470703125e+01
9.928500366210937500e+01
9.928333282470703125e+01
9.928666687011718750e+01
9.929833221435546875e+01
9.930333709716796875e+01
9.929499816894531250e+01
9.930666351318359375e+01
9.930500030517578125e+01
9.932666778564453125e+01
9.930333709716796875e+01
9.930333709716796875e+01
9.931166839599609375e+01
9.932666778564453125e+01
9.932833099365234375e+01
9.934500122070312500e+01
9.932833099365234375e+01
9.937166595458984375e+01
9.933333587646484375e+01
9.934333038330078125e+01
9.936833190917968750e+01
9.933666992187500000e+01
9.936499786376953125e+01
9.940333557128906250e+01
9.937333679199218750e+01
9.941000366210937500e+01
9.938666534423828125e+01
9.941999816894531250e+01
9.938333129882812500e+01
9.941166687011718750e+01
9.941000366210937500e+01
9.944499969482421875e+01
9.945500183105468750e+01
9.945500183105468750e+01
9.944666290283203125e+01
9.944499969482421875e+01
9.943333435058593750e+01
9.943666839599609375e+01
9.944999694824218750e+01
9.942833709716796875e+01
9.943166351318359375e+01
9.947333526611328125e+01
9.945999908447265625e+01
9.946333312988281250e+01
9.947666931152343750e+01
9.945833587646484375e+01
9.947166442871093750e+01
9.948500061035156250e+01
9.947666931152343750e+01
