5.622166824340820312e+01
8.542833709716796875e+01
9.247833251953125000e+01
9.435666656494140625e+01
9.504333496093750000e+01
9.569499969482421875e+01
9.579499816894531250e+01
9.597666931152343750e+01
9.675000000000000000e+01
9.697000122070312500e+01
9.717166900634765625e+01
9.738333129882812500e+01
9.740833282470703125e+01
9.754666900634765625e+01
9.744166564941406250e+01
9.757166290283203125e+01
9.787666320800781250e+01
9.782499694824218750e+01
9.791999816894531250e+01
9.794666290283203125e+01
9.776999664306640625e+01
9.794333648681640625e+01
9.790333557128906250e+01
9.809500122070312500e+01
9.803666687011718750e+01
9.801499938964843750e+01
9.797166442871093750e+01
9.805833435058593750e+01
9.815499877929687500e+01
9.811000061035156250e+01
9.818666839599609375e+01
9.814833068847656250e+01
9.822166442871093750e+01
9.827166748046875000e+01
9.837666320800781250e+01
9.824333190917968750e+01
9.819666290283203125e+01
9.833833312988281250e+01
9.818666839599609375e+01
9.835166931152343750e+01
9.831666564941406250e+01
9.834333038330078125e+01
9.832666778564453125e+01
9.831666564941406250e+01
9.824833679199218750e+01
9.846166992187500000e+01
9.846333312988281250e+01
9.841333007812500000e+01
9.840000152587890625e+01
9.844833374023437500e+01
9.841666412353515625e+01
9.846666717529296875e+01
9.841166687011718750e+01
9.838333129882812500e+01
9.838833618164062500e+01
9.837166595458984375e+01
9.843000030517578125e+01
9.845500183105468750e+01
9.836000061035156250e+01
9.840833282470703125e+01
9.837999725341796875e+01
9.850000000000000000e+01
9.846333312988281250e+01
9.842500305175781250e+01
9.855166625976562500e+01
9.846833038330078125e+01
9.846666717529296875e+01
9.852833557128906250e+01
9.845833587646484375e+01
9.844333648681640625e+01
9.838833618164062500e+01
9.841833496093750000e+01
9.852666473388671875e+01
9.855333709716796875e+01
9.838500213623046875e+01
9.838166809082031250e+01
9.845500183105468750e+01
9.843833160400390625e+01
9.851499938964843750e+01
9.853166961669921875e+01
9.859500122070312500e+01
9.850333404541015625e+01
9.848999786376953125e+01
9.851499938964843750e+01
9.854333496093750000e+01
9.850000000000000000e+01
9.843166351318359375e+01
9.847833251953125000e+01
9.841833496093750000e+01
9.837000274658203125e+01
9.832833099365234375e+01
9.848833465576171875e+01
9.848999786376953125e+01
9.838500213623046875e+01
