1.836666679382324219e+01
2.643833351135253906e+01
3.122333335876464844e+01
3.898166656494140625e+01
4.659666824340820312e+01
5.460166549682617188e+01
6.500499725341796875e+01
6.710832977294921875e+01
7.130500030517578125e+01
7.398000335693359375e+01
7.860666656494140625e+01
7.969999694824218750e+01
8.140666961669921875e+01
8.351667022705078125e+01
8.403500366210937500e+01
8.559333038330078125e+01
8.645666503906250000e+01
8.750499725341796875e+01
8.818166351318359375e+01
8.873500061035156250e+01
8.934500122070312500e+01
8.976499938964843750e+01
9.025499725341796875e+01
9.069000244140625000e+01
9.096166992187500000e+01
9.133166503906250000e+01
9.157499694824218750e+01
9.186833190917968750e+01
9.212000274658203125e+01
9.226000213623046875e+01
9.246666717529296875e+01
9.263500213623046875e+01
9.279666900634765625e+01
9.297666931152343750e+01
9.311666870117187500e+01
9.331166839599609375e+01
9.345666503906250000e+01
9.360166931152343750e+01
9.371833038330078125e+01
9.381166839599609375e+01
9.393833160400390625e+01
9.401333618164062500e+01
9.412999725341796875e+01
9.423500061035156250e+01
9.436499786376953125e+01
9.442833709716796875e+01
9.450166320800781250e+01
9.461499786376953125e+01
9.464499664306640625e+01
9.474166870117187500e+01
9.481166839599609375e+01
9.491500091552734375e+01
9.497666931152343750e+01
9.508000183105468750e+01
9.516999816894531250e+01
9.518499755859375000e+01
9.527666473388671875e+01
9.531833648681640625e+01
9.533999633789062500e+01
9.544833374023437500e+01
9.550166320800781250e+01
9.552333068847656250e+01
9.562833404541015625e+01
9.565166473388671875e+01
9.567333221435546875e+01
9.575666809082031250e+01
9.581166839599609375e+01
9.580000305175781250e+01
9.590499877929687500e+01
9.589833068847656250e+01
9.597499847412109375e+01
9.603500366210937500e+01
9.605999755859375000e+01
9.609833526611328125e+01
9.612500000000000000e+01
9.616666412353515625e+01
9.615666961669921875e+01
9.627666473388671875e+01
9.624833679199218750e+01
9.628500366210937500e+01
9.634500122070312500e+01
9.638333129882812500e+01
9.637833404541015625e+01
9.638833618164062500e+01
9.643833160400390625e+01
9.648833465576171875e+01
9.645500183105468750e+01
9.649333190917968750e+01
9.652666473388671875e+01
9.659500122070312500e+01
9.660832977294921875e+01
9.661666870117187500e+01
9.667333221435546875e+01
9.669999694824218750e+01
9.671166992187500000e+01
9.671166992187500000e+01
9.674166870117187500e+01
9.675666809082031250e+01
9.676833343505859375e+01
9.682499694824218750e+01
9.688833618164062500e+01
9.685166931152343750e+01
9.687000274658203125e+01
9.689666748046875000e+01
9.693333435058593750e+01
9.693666839599609375e+01
9.697666931152343750e+01
9.699500274658203125e+01
9.701000213623046875e+01
9.703500366210937500e+01
9.705999755859375000e+01
9.707666778564453125e+01
9.712000274658203125e+01
9.710500335693359375e+01
9.714167022705078125e+01
9.716500091552734375e+01
9.715666961669921875e+01
9.720166778564453125e+01
9.720833587646484375e+01
9.722666931152343750e+01
9.726499938964843750e+01
9.722333526611328125e+01
9.727833557128906250e+01
9.727999877929687500e+01
9.734166717529296875e+01
9.733833312988281250e+01
9.736833190917968750e+01
9.737500000000000000e+01
9.737999725341796875e+01
9.739333343505859375e+01
9.739833068847656250e+01
9.742500305175781250e+01
9.740666961669921875e+01
9.744499969482421875e+01
9.743833160400390625e+01
9.748833465576171875e+01
9.747000122070312500e+01
9.747833251953125000e+01
9.746666717529296875e+01
9.751499938964843750e+01
9.752333068847656250e+01
9.755000305175781250e+01
9.757666778564453125e+01
9.759333038330078125e+01
9.758499908447265625e+01
9.762500000000000000e+01
9.761833190917968750e+01
9.762500000000000000e+01
9.763500213623046875e+01
9.764833068847656250e+01
9.765000152587890625e+01
9.766666412353515625e+01
9.768000030517578125e+01
9.767500305175781250e+01
9.769333648681640625e+01
9.769499969482421875e+01
9.769999694824218750e+01
