5.326333236694335938e+01
7.588166809082031250e+01
8.427166748046875000e+01
8.801499938964843750e+01
9.035500335693359375e+01
9.194999694824218750e+01
9.304000091552734375e+01
9.376833343505859375e+01
9.450833129882812500e+01
9.496666717529296875e+01
9.534166717529296875e+01
9.570166778564453125e+01
9.594166564941406250e+01
9.628166961669921875e+01
9.651667022705078125e+01
9.668499755859375000e+01
9.688166809082031250e+01
9.704833221435546875e+01
9.715666961669921875e+01
9.727999877929687500e+01
9.739333343505859375e+01
9.748500061035156250e+01
9.757666778564453125e+01
9.768833160400390625e+01
9.774500274658203125e+01
9.781999969482421875e+01
9.788833618164062500e+01
9.794000244140625000e+01
9.798332977294921875e+01
9.804166412353515625e+01
9.807499694824218750e+01
9.813666534423828125e+01
9.821166992187500000e+01
9.824666595458984375e+01
9.827333068847656250e+01
9.831166839599609375e+01
9.835166931152343750e+01
9.838333129882812500e+01
9.842500305175781250e+01
9.844999694824218750e+01
9.850000000000000000e+01
9.850333404541015625e+01
9.852833557128906250e+01
9.854833221435546875e+01
9.862333679199218750e+01
9.863166809082031250e+01
9.869166564941406250e+01
9.872166442871093750e+01
9.871166992187500000e+01
9.872499847412109375e+01
9.877666473388671875e+01
9.876333618164062500e+01
9.879833221435546875e+01
9.880999755859375000e+01
9.881333160400390625e+01
9.885333251953125000e+01
9.886833190917968750e+01
9.888166809082031250e+01
9.889333343505859375e+01
9.888333129882812500e+01
9.890833282470703125e+01
9.891500091552734375e+01
9.892666625976562500e+01
9.895166778564453125e+01
9.895999908447265625e+01
9.896499633789062500e+01
9.895666503906250000e+01
9.898999786376953125e+01
9.898500061035156250e+01
9.901833343505859375e+01
9.902166748046875000e+01
9.899833679199218750e+01
9.900333404541015625e+01
9.902999877929687500e+01
9.902833557128906250e+01
9.903500366210937500e+01
9.905333709716796875e+01
9.905833435058593750e+01
9.908000183105468750e+01
9.908166503906250000e+01
9.905500030517578125e+01
9.911000061035156250e+01
9.911499786376953125e+01
9.914499664306640625e+01
9.914333343505859375e+01
9.918666839599609375e+01
9.920666503906250000e+01
9.918666839599609375e+01
9.920666503906250000e+01
9.918166351318359375e+01
9.919499969482421875e+01
9.920999908447265625e+01
9.921833038330078125e+01
9.920833587646484375e+01
9.923166656494140625e+01
9.923000335693359375e+01
9.922833251953125000e+01
9.923999786376953125e+01
9.925499725341796875e+01
9.928333282470703125e+01
9.928333282470703125e+01
9.927833557128906250e+01
9.931333160400390625e+01
9.929833221435546875e+01
9.930000305175781250e+01
9.930666351318359375e+01
9.929000091552734375e+01
9.931166839599609375e+01
9.930500030517578125e+01
9.931999969482421875e+01
9.934666442871093750e+01
9.935500335693359375e+01
9.933666992187500000e+01
9.934500122070312500e+01
9.934166717529296875e+01
9.937500000000000000e+01
9.937000274658203125e+01
9.937333679199218750e+01
9.940166473388671875e+01
9.939666748046875000e+01
9.941000366210937500e+01
9.939833068847656250e+01
9.942333221435546875e+01
9.940499877929687500e+01
9.941999816894531250e+01
9.941833496093750000e+01
9.943833160400390625e+01
9.943333435058593750e+01
9.943833160400390625e+01
9.942666625976562500e+01
9.945999908447265625e+01
9.945999908447265625e+01
9.944666290283203125e+01
9.944666290283203125e+01
9.945500183105468750e+01
9.947499847412109375e+01
9.948000335693359375e+01
9.945666503906250000e+01
9.943666839599609375e+01
9.947666931152343750e+01
9.948500061035156250e+01
9.948999786376953125e+01
9.949833679199218750e+01
9.951166534423828125e+01
9.951166534423828125e+01
9.951499938964843750e+01
9.950499725341796875e+01
9.952166748046875000e+01
9.952666473388671875e+01
9.951000213623046875e+01
9.952333068847656250e+01
9.952500152587890625e+01
9.953166961669921875e+01
9.952833557128906250e+01
9.953666687011718750e+01
9.953833007812500000e+01
9.952333068847656250e+01
