1.856999969482421875e+01
3.006166648864746094e+01
5.811333465576171875e+01
6.722666931152343750e+01
8.410500335693359375e+01
8.846499633789062500e+01
9.170999908447265625e+01
9.277999877929687500e+01
9.355833435058593750e+01
9.406166839599609375e+01
9.454166412353515625e+01
9.492666625976562500e+01
9.521333312988281250e+01
9.544000244140625000e+01
9.573000335693359375e+01
9.591666412353515625e+01
9.609833526611328125e+01
9.623166656494140625e+01
9.648500061035156250e+01
9.654333496093750000e+01
9.676999664306640625e+01
9.680500030517578125e+01
9.693166351318359375e+01
9.702333068847656250e+01
9.708333587646484375e+01
9.722000122070312500e+01
9.725666809082031250e+01
9.735333251953125000e+01
9.741333007812500000e+01
9.740666961669921875e+01
9.743166351318359375e+01
9.755666351318359375e+01
9.759999847412109375e+01
9.759500122070312500e+01
9.758666992187500000e+01
9.766166687011718750e+01
9.774500274658203125e+01
9.776499938964843750e+01
9.779833221435546875e+01
9.789499664306640625e+01
9.788333129882812500e+01
9.795333099365234375e+01
9.794666290283203125e+01
9.791500091552734375e+01
9.797833251953125000e+01
9.802166748046875000e+01
9.805666351318359375e+01
9.804833221435546875e+01
9.809999847412109375e+01
9.810666656494140625e+01
9.811499786376953125e+01
9.815833282470703125e+01
9.816166687011718750e+01
9.815499877929687500e+01
9.821833038330078125e+01
9.819666290283203125e+01
9.826499938964843750e+01
9.828166961669921875e+01
9.828166961669921875e+01
9.830333709716796875e+01
9.830666351318359375e+01
9.830500030517578125e+01
9.832833099365234375e+01
9.838666534423828125e+01
9.837500000000000000e+01
9.838333129882812500e+01
9.839499664306640625e+01
9.843000030517578125e+01
9.843499755859375000e+01
9.844166564941406250e+01
9.847000122070312500e+01
9.848500061035156250e+01
9.844166564941406250e+01
9.850000000000000000e+01
9.847666931152343750e+01
9.855999755859375000e+01
9.854833221435546875e+01
9.852999877929687500e+01
9.859500122070312500e+01
9.855333709716796875e+01
9.859833526611328125e+01
9.862000274658203125e+01
9.862000274658203125e+01
9.863666534423828125e+01
9.863500213623046875e+01
9.862000274658203125e+01
9.869333648681640625e+01
9.866000366210937500e+01
9.869499969482421875e+01
9.871666717529296875e+01
9.869833374023437500e+01
9.869999694824218750e+01
9.873666381835937500e+01
9.873332977294921875e+01
9.876166534423828125e+01
9.875499725341796875e+01
9.874166870117187500e+01
9.873500061035156250e+01
9.878500366210937500e+01
9.878833007812500000e+01
9.880999755859375000e+01
9.881333160400390625e+01
9.881999969482421875e+01
9.880166625976562500e+01
9.879499816894531250e+01
9.882333374023437500e+01
9.884833526611328125e+01
9.885500335693359375e+01
9.886333465576171875e+01
9.886000061035156250e+01
9.885666656494140625e+01
9.888500213623046875e+01
9.887666320800781250e+01
9.888166809082031250e+01
9.890499877929687500e+01
9.891666412353515625e+01
9.888999938964843750e+01
9.890499877929687500e+01
9.891666412353515625e+01
9.890499877929687500e+01
9.894666290283203125e+01
9.897499847412109375e+01
9.892833709716796875e+01
9.893833160400390625e+01
9.896166992187500000e+01
9.895500183105468750e+01
9.897000122070312500e+01
9.897666931152343750e+01
9.895333099365234375e+01
9.897666931152343750e+01
9.898999786376953125e+01
9.898833465576171875e+01
9.900166320800781250e+01
9.899333190917968750e+01
9.900499725341796875e+01
9.901833343505859375e+01
9.897666931152343750e+01
9.903666687011718750e+01
9.904000091552734375e+01
9.904333496093750000e+01
9.902500152587890625e+01
9.905000305175781250e+01
9.903666687011718750e+01
9.905833435058593750e+01
9.904000091552734375e+01
9.908499908447265625e+01
9.907333374023437500e+01
9.906333160400390625e+01
9.906500244140625000e+01
9.901833343505859375e+01
9.905833435058593750e+01
9.906833648681640625e+01
9.909500122070312500e+01
9.910500335693359375e+01
9.908333587646484375e+01
9.909666442871093750e+01
9.910166931152343750e+01
