5.530500030517578125e+01
8.010500335693359375e+01
8.819666290283203125e+01
9.044999694824218750e+01
9.216666412353515625e+01
9.327999877929687500e+01
9.360666656494140625e+01
9.417333221435546875e+01
9.501499938964843750e+01
9.524166870117187500e+01
9.545666503906250000e+01
9.583000183105468750e+01
9.607333374023437500e+01
9.628666687011718750e+01
9.643333435058593750e+01
9.665666961669921875e+01
9.677999877929687500e+01
9.669666290283203125e+01
9.710500335693359375e+01
9.708666992187500000e+01
9.728833007812500000e+01
9.730833435058593750e+01
9.748999786376953125e+01
9.740166473388671875e+01
9.753666687011718750e+01
9.760500335693359375e+01
9.754499816894531250e+01
9.768833160400390625e+01
9.772000122070312500e+01
9.778166961669921875e+01
9.779000091552734375e+01
9.789167022705078125e+01
9.792166900634765625e+01
9.797833251953125000e+01
9.789666748046875000e+01
9.796666717529296875e+01
9.791166687011718750e+01
9.804000091552734375e+01
9.802666473388671875e+01
9.812000274658203125e+01
9.816000366210937500e+01
9.815166473388671875e+01
9.817833709716796875e+01
9.817166900634765625e+01
9.818000030517578125e+01
9.827999877929687500e+01
9.825166320800781250e+01
9.825000000000000000e+01
9.831500244140625000e+01
9.824833679199218750e+01
9.832166290283203125e+01
9.836499786376953125e+01
9.833333587646484375e+01
9.829000091552734375e+01
9.824333190917968750e+01
9.833999633789062500e+01
9.832166290283203125e+01
9.840166473388671875e+01
9.836833190917968750e+01
9.841000366210937500e+01
9.840833282470703125e+01
9.840499877929687500e+01
9.843166351318359375e+01
9.836000061035156250e+01
9.845333099365234375e+01
9.844000244140625000e+01
9.844166564941406250e+01
9.843166351318359375e+01
9.839499664306640625e+01
9.841833496093750000e+01
9.852833557128906250e+01
9.848999786376953125e+01
9.849833679199218750e+01
9.848500061035156250e+01
9.847666931152343750e+01
9.848999786376953125e+01
9.847166442871093750e+01
9.848166656494140625e+01
9.851166534423828125e+01
9.846833038330078125e+01
9.845333099365234375e+01
9.856500244140625000e+01
9.856500244140625000e+01
9.851333618164062500e+01
9.844666290283203125e+01
9.850833129882812500e+01
9.852666473388671875e+01
9.855833435058593750e+01
9.850833129882812500e+01
9.850499725341796875e+01
9.862833404541015625e+01
9.861333465576171875e+01
9.855500030517578125e+01
9.862166595458984375e+01
