1.426000022888183594e+01
2.272833251953125000e+01
4.285166549682617188e+01
5.382500076293945312e+01
5.425500106811523438e+01
6.024833297729492188e+01
6.889499664306640625e+01
6.989833068847656250e+01
7.605500030517578125e+01
8.121333312988281250e+01
8.401499938964843750e+01
8.601166534423828125e+01
8.746333312988281250e+01
8.810666656494140625e+01
8.964499664306640625e+01
9.005166625976562500e+01
9.080833435058593750e+01
9.117166900634765625e+01
9.182166290283203125e+01
9.217833709716796875e+01
9.239666748046875000e+01
9.273000335693359375e+01
9.301667022705078125e+01
9.318833160400390625e+01
9.350333404541015625e+01
9.370500183105468750e+01
9.380833435058593750e+01
9.405999755859375000e+01
9.416500091552734375e+01
9.426333618164062500e+01
9.457166290283203125e+01
9.464167022705078125e+01
9.469166564941406250e+01
9.491000366210937500e+01
9.498500061035156250e+01
9.502833557128906250e+01
9.525166320800781250e+01
9.527833557128906250e+01
9.526166534423828125e+01
9.541000366210937500e+01
9.549166870117187500e+01
9.556500244140625000e+01
9.556833648681640625e+01
9.571499633789062500e+01
9.582666778564453125e+01
9.585333251953125000e+01
9.590666961669921875e+01
9.598833465576171875e+01
9.604000091552734375e+01
9.604499816894531250e+01
9.602500152587890625e+01
9.621499633789062500e+01
9.625000000000000000e+01
9.633166503906250000e+01
9.634833526611328125e+01
9.628833007812500000e+01
9.637999725341796875e+01
9.639833068847656250e+01
9.639333343505859375e+01
9.649833679199218750e+01
9.649833679199218750e+01
9.654833221435546875e+01
9.662000274658203125e+01
9.669333648681640625e+01
9.668833160400390625e+01
9.669833374023437500e+01
9.672333526611328125e+01
9.675833129882812500e+01
9.683999633789062500e+01
9.682333374023437500e+01
9.689833068847656250e+01
9.688166809082031250e+01
9.695166778564453125e+01
9.697000122070312500e+01
9.700333404541015625e+01
9.701000213623046875e+01
9.702333068847656250e+01
9.703500366210937500e+01
9.707166290283203125e+01
9.709166717529296875e+01
9.710166931152343750e+01
9.715499877929687500e+01
9.718666839599609375e+01
9.717333221435546875e+01
9.722833251953125000e+01
9.721833038330078125e+01
9.724500274658203125e+01
9.726333618164062500e+01
9.726000213623046875e+01
9.732499694824218750e+01
9.733499908447265625e+01
9.736499786376953125e+01
9.738666534423828125e+01
9.737666320800781250e+01
