0.000000000000000000e+00
0.000000000000000000e+00
0.000000000000000000e+00
0.000000000000000000e+00
0.000000000000000000e+00
0.000000000000000000e+00
0.000000000000000000e+00
0.000000000000000000e+00
0.000000000000000000e+00
0.000000000000000000e+00
0.000000000000000000e+00
0.000000000000000000e+00
0.000000000000000000e+00
0.000000000000000000e+00
0.000000000000000000e+00
0.000000000000000000e+00
0.000000000000000000e+00
0.000000000000000000e+00
0.000000000000000000e+00
0.000000000000000000e+00
0.000000000000000000e+00
0.000000000000000000e+00
0.000000000000000000e+00
0.000000000000000000e+00
0.000000000000000000e+00
0.000000000000000000e+00
0.000000000000000000e+00
0.000000000000000000e+00
0.000000000000000000e+00
0.000000000000000000e+00
0.000000000000000000e+00
0.000000000000000000e+00
0.000000000000000000e+00
0.000000000000000000e+00
0.000000000000000000e+00
0.000000000000000000e+00
0.000000000000000000e+00
0.000000000000000000e+00
0.000000000000000000e+00
0.000000000000000000e+00
0.000000000000000000e+00
0.000000000000000000e+00
0.000000000000000000e+00
0.000000000000000000e+00
0.000000000000000000e+00
0.000000000000000000e+00
0.000000000000000000e+00
0.000000000000000000e+00
0.000000000000000000e+00
0.000000000000000000e+00
0.000000000000000000e+00
0.000000000000000000e+00
0.000000000000000000e+00
0.000000000000000000e+00
0.000000000000000000e+00
0.000000000000000000e+00
0.000000000000000000e+00
0.000000000000000000e+00
0.000000000000000000e+00
1.401298464324817071e-41
7.006492321624085355e-41
3.923635700109487799e-40
1.625506218616787802e-39
6.782284567332114623e-39
2.826419002543156032e-38
1.649188162663877211e-37
5.788904310180006094e-37
2.032008867711998557e-36
7.982244468302741977e-36
3.151936573161303267e-35
9.456725778558085764e-35
3.316928455147490673e-34
1.095172729995104445e-33
3.616006130831595517e-33
1.193912143247764961e-32
3.104342166061851984e-32
1.024981585604865089e-31
2.957770421979713907e-31
7.803634446380136206e-31
2.257229767590220312e-30
5.469828368839496862e-30
1.325465161422229417e-29
3.211931447079478660e-29
8.748070336220612579e-29
2.159542598487734030e-28
4.585689753247048731e-28
1.132020213817012909e-27
2.403774734005086205e-27
5.933986988697390039e-27
1.291285337235505367e-26
2.766507769367680327e-26
5.927044781619851808e-26
1.269827057203450328e-25
2.720098650905220660e-25
5.133445287548790538e-25
1.079140912135968946e-24
2.038481068470096323e-24
3.850631237914589980e-24
7.273785062177155431e-24
1.527655648686904787e-23
2.866431175393121834e-23
5.288469234971383938e-23
8.939510617483824677e-23
1.649309738522254496e-22
3.042897782169251733e-22
5.143724492242618619e-22
9.489927522484602241e-22
1.700834598754435597e-21
2.801518159152538710e-21
4.614502575825574365e-21
7.600834209572626840e-21
1.344486442946620042e-20
2.214578826921683309e-20
3.647729176452471172e-20
6.008378244469502424e-20
9.896660913457770621e-20
1.613276844291165713e-19
2.408419846991219647e-19
3.807304271958741016e-19
6.018635930300013524e-19
8.985067424122501452e-19
1.420376335040450704e-18
2.245366263138708254e-18
3.352049963902485151e-18
5.298983937692780698e-18
8.195869290936683702e-18
1.176496834564578624e-17
1.688831991900732651e-17
2.536349666993989064e-17
3.640894692284010108e-17
5.226414307218707261e-17
7.849189624409584273e-17
1.126731696767142854e-16
1.617407956944208404e-16
2.429072911137007424e-16
3.486887095639784216e-16
4.888626832276552880e-16
6.696761065605114083e-16
9.173662221504427609e-16
1.256668244941847035e-15
1.721466351561093226e-15
2.442109277590843140e-15
3.345361283862069088e-15
4.582694731233415836e-15
6.277675421325051158e-15
8.599570606668011791e-15
1.178025470954021520e-14
1.613736339109612949e-14
2.210584891678378516e-14
2.974508321400802513e-14
3.874313792961298075e-14
5.046315673814215363e-14
6.572880125376920346e-14
8.561246600969490972e-14
1.115102883078242235e-13
1.452427858972954455e-13
1.891802957777050098e-13
2.464074679974642690e-13
3.209483189197531727e-13
4.180370242676256787e-13
5.444935409666673554e-13
7.092086249868567727e-13
9.237482740537261705e-13
1.203191951452964314e-12
1.537151699329553090e-12
1.903138887801580914e-12
2.356256682822799320e-12
2.917257147655449856e-12
3.611826115967886608e-12
4.559440498763667193e-12
5.644996622922171525e-12
6.989038688065551952e-12
8.653024477500714795e-12
1.071326100748892785e-11
1.326397932460698925e-11
1.642199570772717721e-11
2.033190282801911053e-11
2.517271981139490578e-11
3.177714688606947391e-11
3.934310863207279851e-11
4.871011233253952355e-11
6.030771715348492990e-11
7.466637030884015758e-11
9.191655075957427812e-11
1.084364542602855863e-10
1.296997786948139719e-10
1.530109511316268822e-10
1.830148810277876237e-10
2.159076251118108303e-10
2.582450087107446279e-10
3.046586316557409191e-10
3.643992330104595112e-10
4.298933153901174364e-10
5.141911896267004067e-10
6.066053770403811995e-10
7.255546718987204713e-10
8.559565833898830078e-10
1.023801265986890030e-09
1.207810851333590563e-09
1.444650621351684094e-09
1.704293595139461104e-09
2.038488933209237075e-09
2.404860754978699333e-09
2.876430427178888749e-09
3.393416214692024369e-09
4.058831937214790742e-09
4.788313745507366548e-09
5.563373761674483831e-09
6.341549951827119003e-09
7.296490522890053398e-09
8.317069699614876299e-09
9.480401352846001828e-09
1.090800427760996172e-08
1.243376068771340215e-08
1.417293038485922807e-08
1.615533840038096969e-08
1.858801290666178829e-08
2.118800779271623469e-08
2.415163358193694876e-08
2.778849861329035775e-08
3.167541251514194300e-08
3.610593779512782930e-08
4.115624818723517819e-08
4.735375114250928164e-08
5.397724933686731674e-08
6.152730946951123769e-08
7.079211172822397202e-08
8.069399370924656978e-08
9.198105743735141004e-08
1.048470963382897025e-07
1.206352351346140495e-07
1.375088061195128830e-07
1.567425300663671806e-07
1.803455660365216318e-07
2.055713821391691454e-07
2.343256539916183101e-07
2.671013987765036291e-07
3.041621141619543778e-07
3.368078012044861680e-07
3.729552133791003143e-07
4.105145023913792102e-07
4.545732679162028944e-07
5.033606385040911846e-07
5.540516667679185048e-07
6.135168177934247069e-07
6.793615625610982534e-07
7.477796657440194394e-07
8.280340466626512352e-07
9.169050940727174748e-07
1.009242168947821483e-06
1.117559804697521031e-06
1.237502601725282148e-06
1.362128159598796628e-06
1.508316699982970022e-06
1.670204142101283651e-06
1.838398702602717094e-06
2.035710167547222227e-06
2.254193987027974799e-06
2.481202955095795915e-06
2.747499820543453097e-06
3.042382786588859744e-06
3.348760174048948102e-06
3.708182021000538953e-06
4.106165306438924745e-06
4.519677531789056957e-06
5.004764261684613302e-06
5.541893642657669261e-06
6.100014161347644404e-06
6.754689366061938927e-06
7.479655323550105095e-06
8.232895197579637170e-06
9.116496585193090141e-06
1.009493007586570457e-05
1.111156416300218552e-05
1.230409543495625257e-05
1.362469265586696565e-05
1.499674181104637682e-05
1.660630914557259530e-05
1.809556306398008019e-05
1.943130155268590897e-05
2.086563836201094091e-05
2.240581125079188496e-05
2.405971463304013014e-05
2.583569948910735548e-05
2.774278436845634133e-05
2.979064083774574101e-05
3.198959893779829144e-05
3.435093822190538049e-05
3.688658398459665477e-05
3.960932008340023458e-05
4.253311635693535209e-05
4.567273208522237837e-05
4.904410161543637514e-05
5.266433072392828763e-05
5.655168206430971622e-05
6.072609176044352353e-05
6.520863826153799891e-05
7.002193160587921739e-05
7.519066275563091040e-05
8.074092329479753971e-05
8.670087845530360937e-05
9.310077439295127988e-05
9.997289453167468309e-05
1.073524763341993093e-04
1.152767872554250062e-04
1.237857941305264831e-04
1.329231454292312264e-04
1.427349779987707734e-04
1.532710884930565953e-04
1.645849115448072553e-04
1.767335488693788648e-04
1.897792681120336056e-04
2.037879894487559795e-04
2.188303333241492510e-04
2.349834830965846777e-04
2.523289876990020275e-04
2.709548571147024632e-04
2.909556205850094557e-04
3.124321519862860441e-04
3.354945802129805088e-04
3.602593787945806980e-04
3.868514613714069128e-04
4.154072667006403208e-04
4.460708878468722105e-04
4.789979720953851938e-04
5.143556045368313789e-04
5.523220752365887165e-04
5.930922343395650387e-04
6.368718459270894527e-04
6.838804110884666443e-04
7.343616452999413013e-04
7.885691593401134014e-04
8.467779844067990780e-04
9.092818945646286011e-04
9.764012647792696953e-04
1.032113679684698582e-03
1.082174130715429783e-03
1.134660560637712479e-03
1.189692411571741104e-03
1.247393549419939518e-03
1.307893195189535618e-03
1.371327205561101437e-03
1.437840401194989681e-03
1.507576904259622097e-03
1.580695505253970623e-03
1.657360699027776718e-03
1.737744081765413284e-03
1.822026097215712070e-03
1.910399645566940308e-03
2.003055531531572342e-03
2.100205514580011368e-03
2.202067058533430099e-03
2.308869268745183945e-03
2.420851495116949081e-03
2.538264729082584381e-03
2.661377657204866409e-03
2.790456870570778847e-03
2.925796434283256531e-03
3.067699959501624107e-03
3.216485958546400070e-03
3.372488310560584068e-03
3.536056960001587868e-03
3.707565367221832275e-03
3.887385595589876175e-03
4.075926728546619415e-03
4.273612983524799347e-03
4.480886738747358322e-03
4.698213655501604080e-03
4.926080815494060516e-03
5.165009759366512299e-03
5.415516905486583710e-03
5.678174551576375961e-03
5.953570362180471420e-03
6.242323666810989380e-03
6.545081268996000290e-03
6.862523499876260757e-03
7.195375394076108932e-03
7.544356863945722580e-03
7.910264655947685242e-03
8.293919265270233154e-03
8.696181699633598328e-03
9.117953479290008545e-03
9.560181759297847748e-03
1.002387795597314835e-02
1.051004417240619659e-02
1.101979054510593414e-02
1.155425980687141418e-02
1.211465150117874146e-02
1.270222105085849762e-02
1.331829000264406204e-02
1.396426465362310410e-02
1.464154385030269623e-02
1.535166986286640167e-02
1.609623990952968597e-02
1.687692105770111084e-02
1.769546605646610260e-02
1.855371147394180298e-02
1.945361867547035217e-02
2.039713598787784576e-02
2.138641290366649628e-02
2.242367155849933624e-02
2.351123839616775513e-02
2.465155348181724548e-02
2.584717608988285065e-02
2.710083685815334320e-02
2.841524966061115265e-02
2.979341335594654083e-02
3.123841993510723114e-02
3.275350853800773621e-02
3.434208407998085022e-02
3.600770235061645508e-02
3.775417804718017578e-02
3.958528861403465271e-02
4.150521010160446167e-02
4.351824522018432617e-02
4.562891647219657898e-02
4.784195870161056519e-02
5.016233026981353760e-02
5.259534716606140137e-02
5.514626577496528625e-02
5.749132484197616577e-02
5.917786434292793274e-02
6.086214259266853333e-02
6.259423494338989258e-02
6.443047523498535156e-02
6.626418232917785645e-02
6.815014779567718506e-02
7.014930248260498047e-02
7.214577496051788330e-02
7.419905811548233032e-02
7.637573778629302979e-02
7.854940742254257202e-02
8.078494668006896973e-02
8.315481990575790405e-02
8.552142232656478882e-02
8.795547485351562500e-02
9.053561091423034668e-02
9.311228245496749878e-02
9.576229006052017212e-02
9.857152402400970459e-02
1.013768985867500305e-01
1.042621135711669922e-01
1.073207035660743713e-01
1.103750765323638916e-01
1.135163903236389160e-01
1.168464496731758118e-01
1.201719343662261963e-01
1.235920637845993042e-01
1.272177100181579590e-01
1.308383643627166748e-01
1.345620602369308472e-01
1.385095119476318359e-01
1.424515247344970703e-01
1.465057283639907837e-01
1.508035659790039062e-01
1.550954729318618774e-01
1.595095396041870117e-01
1.641888469457626343e-01
1.688617020845413208e-01
1.736675649881362915e-01
1.787621825933456421e-01
1.838498264551162720e-01
1.890822350978851318e-01
1.946290582418441772e-01
2.001682668924331665e-01
2.058651149272918701e-01
2.119042873382568359e-01
2.179351449012756348e-01
2.241376340389251709e-01
2.307128310203552246e-01
2.372789829969406128e-01
2.440320104360580444e-01
2.511908411979675293e-01
2.583397924900054932e-01
2.656922340393066406e-01
2.734864652156829834e-01
2.812699377536773682e-01
2.892749905586242676e-01
2.977607548236846924e-01
3.062353730201721191e-01
3.149509131908416748e-01
3.241901993751525879e-01
3.334167599678039551e-01
3.429058790206909180e-01
3.529652059078216553e-01
3.630107045173645020e-01
3.733420670032501221e-01
3.842939138412475586e-01
3.952313959598541260e-01
4.064798057079315186e-01
4.184041321277618408e-01
4.303116202354431152e-01
4.425588548183441162e-01
4.555415511131286621e-01
4.685063958168029785e-01
4.818402230739593506e-01
4.959747791290283203e-01
5.100908875465393066e-01
5.246081948280334473e-01
5.399978756904602051e-01
5.553658604621887207e-01
5.711722373962402344e-01
5.879278779029846191e-01
6.046605110168457031e-01
6.218687295913696289e-01
6.401116251945495605e-01
6.583299636840820312e-01
6.770662069320678711e-01
6.969283223152160645e-01
7.167624235153198242e-01
7.371624112129211426e-01
7.587875127792358398e-01
7.803828120231628418e-01
8.025919795036315918e-01
8.261364698410034180e-01
8.496493101119995117e-01
8.738305568695068359e-01
8.994648456573486328e-01
9.250630736351013184e-01
9.513914585113525391e-01
9.793010950088500977e-01
