8.666867757289696591e-47
3.553862940941033763e-42
1.457267164642153254e-37
5.975547240946471810e-33
2.450282672604597027e-28
9.160227622337891140e-24
4.347936969814479463e-20
2.643569274075315305e-17
4.095425149756860107e-15
2.400941144396427533e-13
6.907332479115830228e-12
1.163594751856812905e-10
1.291959834219360025e-09
1.031705943972136827e-08
6.317586090076700128e-08
3.091463792421226005e-07
1.273905067071662431e-06
4.535280515115742135e-06
1.406476542554481143e-05
3.921491429369612603e-05
9.955911660214804878e-05
2.308836164493802622e-04
4.999041589014600407e-04
1.025998960006073955e-03
1.990142286193624654e-03
3.630990884157630962e-03
6.504197388157629059e-03
1.082306562913140646e-02
1.800971628348225356e-02
2.800689016399162193e-02
4.350092824458897528e-02
6.483404803599060462e-02
9.448040410296520974e-02
1.376830080778597143e-01
1.900846346613810911e-01
2.612194085937203369e-01
3.589747248514247313e-01
4.752165451846502853e-01
6.189725347504451136e-01
8.062156140344853839e-01
