0.000000000000000000e+00
1.000000000000000000e+04
2.000000000000000000e+04
3.000000000000000000e+04
4.000000000000000000e+04
5.000000000000000000e+04
6.000000000000000000e+04
7.000000000000000000e+04
8.000000000000000000e+04
9.000000000000000000e+04
1.000000000000000000e+05
1.100000000000000000e+05
1.200000000000000000e+05
1.300000000000000000e+05
1.400000000000000000e+05
1.500000000000000000e+05
1.600000000000000000e+05
1.700000000000000000e+05
1.800000000000000000e+05
1.900000000000000000e+05
2.000000000000000000e+05
2.100000000000000000e+05
2.200000000000000000e+05
2.300000000000000000e+05
2.400000000000000000e+05
2.500000000000000000e+05
2.600000000000000000e+05
2.700000000000000000e+05
2.800000000000000000e+05
2.900000000000000000e+05
3.000000000000000000e+05
3.100000000000000000e+05
3.200000000000000000e+05
3.300000000000000000e+05
3.400000000000000000e+05
3.500000000000000000e+05
3.600000000000000000e+05
3.700000000000000000e+05
3.800000000000000000e+05
3.900000000000000000e+05
4.000000000000000000e+05
4.100000000000000000e+05
4.200000000000000000e+05
4.300000000000000000e+05
4.400000000000000000e+05
4.500000000000000000e+05
4.600000000000000000e+05
4.700000000000000000e+05
4.800000000000000000e+05
4.900000000000000000e+05
5.000000000000000000e+05
5.100000000000000000e+05
5.200000000000000000e+05
5.300000000000000000e+05
5.400000000000000000e+05
5.500000000000000000e+05
5.600000000000000000e+05
5.700000000000000000e+05
5.800000000000000000e+05
5.900000000000000000e+05
6.000000000000000000e+05
6.100000000000000000e+05
6.200000000000000000e+05
6.300000000000000000e+05
6.400000000000000000e+05
6.500000000000000000e+05
6.600000000000000000e+05
6.700000000000000000e+05
6.800000000000000000e+05
6.900000000000000000e+05
7.000000000000000000e+05
7.100000000000000000e+05
7.200000000000000000e+05
7.300000000000000000e+05
7.400000000000000000e+05
7.500000000000000000e+05
7.600000000000000000e+05
7.700000000000000000e+05
7.800000000000000000e+05
7.900000000000000000e+05
8.000000000000000000e+05
8.100000000000000000e+05
8.200000000000000000e+05
8.300000000000000000e+05
8.400000000000000000e+05
8.500000000000000000e+05
8.600000000000000000e+05
8.700000000000000000e+05
8.800000000000000000e+05
8.900000000000000000e+05
9.000000000000000000e+05
9.100000000000000000e+05
9.200000000000000000e+05
9.300000000000000000e+05
9.400000000000000000e+05
9.500000000000000000e+05
9.600000000000000000e+05
9.700000000000000000e+05
9.800000000000000000e+05
9.900000000000000000e+05
1.000000000000000000e+06
1.010000000000000000e+06
1.020000000000000000e+06
1.030000000000000000e+06
1.040000000000000000e+06
1.050000000000000000e+06
1.060000000000000000e+06
1.070000000000000000e+06
1.080000000000000000e+06
1.090000000000000000e+06
1.100000000000000000e+06
1.110000000000000000e+06
1.120000000000000000e+06
1.130000000000000000e+06
1.140000000000000000e+06
1.150000000000000000e+06
1.160000000000000000e+06
1.170000000000000000e+06
1.180000000000000000e+06
1.190000000000000000e+06
1.200000000000000000e+06
1.210000000000000000e+06
1.220000000000000000e+06
1.230000000000000000e+06
1.240000000000000000e+06
1.250000000000000000e+06
1.260000000000000000e+06
1.270000000000000000e+06
1.280000000000000000e+06
1.290000000000000000e+06
1.300000000000000000e+06
1.310000000000000000e+06
1.320000000000000000e+06
1.330000000000000000e+06
1.340000000000000000e+06
1.350000000000000000e+06
1.360000000000000000e+06
1.370000000000000000e+06
1.380000000000000000e+06
1.390000000000000000e+06
1.400000000000000000e+06
1.410000000000000000e+06
1.420000000000000000e+06
1.430000000000000000e+06
1.440000000000000000e+06
1.450000000000000000e+06
1.460000000000000000e+06
1.470000000000000000e+06
1.480000000000000000e+06
1.490000000000000000e+06
1.500000000000000000e+06
1.510000000000000000e+06
1.520000000000000000e+06
1.530000000000000000e+06
1.540000000000000000e+06
1.550000000000000000e+06
1.560000000000000000e+06
1.570000000000000000e+06
1.580000000000000000e+06
1.590000000000000000e+06
1.600000000000000000e+06
1.610000000000000000e+06
1.620000000000000000e+06
1.630000000000000000e+06
1.640000000000000000e+06
1.650000000000000000e+06
1.660000000000000000e+06
1.670000000000000000e+06
1.680000000000000000e+06
1.690000000000000000e+06
1.700000000000000000e+06
1.710000000000000000e+06
1.720000000000000000e+06
1.730000000000000000e+06
1.740000000000000000e+06
1.750000000000000000e+06
1.760000000000000000e+06
1.770000000000000000e+06
1.780000000000000000e+06
1.790000000000000000e+06
1.800000000000000000e+06
1.810000000000000000e+06
1.820000000000000000e+06
1.830000000000000000e+06
1.840000000000000000e+06
1.850000000000000000e+06
1.860000000000000000e+06
1.870000000000000000e+06
1.880000000000000000e+06
1.890000000000000000e+06
1.900000000000000000e+06
1.910000000000000000e+06
1.920000000000000000e+06
1.930000000000000000e+06
1.940000000000000000e+06
1.950000000000000000e+06
1.960000000000000000e+06
1.970000000000000000e+06
1.980000000000000000e+06
1.990000000000000000e+06
2.000000000000000000e+06
2.010000000000000000e+06
2.020000000000000000e+06
2.030000000000000000e+06
2.040000000000000000e+06
2.050000000000000000e+06
2.060000000000000000e+06
2.070000000000000000e+06
2.080000000000000000e+06
2.090000000000000000e+06
2.100000000000000000e+06
2.110000000000000000e+06
2.120000000000000000e+06
2.130000000000000000e+06
2.140000000000000000e+06
2.150000000000000000e+06
2.160000000000000000e+06
2.170000000000000000e+06
2.180000000000000000e+06
2.190000000000000000e+06
2.200000000000000000e+06
2.210000000000000000e+06
2.220000000000000000e+06
2.230000000000000000e+06
2.240000000000000000e+06
2.250000000000000000e+06
2.260000000000000000e+06
2.270000000000000000e+06
2.280000000000000000e+06
2.290000000000000000e+06
2.300000000000000000e+06
2.310000000000000000e+06
2.320000000000000000e+06
2.330000000000000000e+06
2.340000000000000000e+06
2.350000000000000000e+06
2.360000000000000000e+06
2.370000000000000000e+06
2.380000000000000000e+06
2.390000000000000000e+06
2.400000000000000000e+06
2.410000000000000000e+06
2.420000000000000000e+06
2.430000000000000000e+06
2.440000000000000000e+06
2.450000000000000000e+06
2.460000000000000000e+06
2.470000000000000000e+06
2.480000000000000000e+06
2.490000000000000000e+06
2.500000000000000000e+06
2.510000000000000000e+06
2.520000000000000000e+06
2.530000000000000000e+06
2.540000000000000000e+06
2.550000000000000000e+06
2.560000000000000000e+06
2.570000000000000000e+06
2.580000000000000000e+06
2.590000000000000000e+06
2.600000000000000000e+06
2.610000000000000000e+06
2.620000000000000000e+06
2.630000000000000000e+06
2.640000000000000000e+06
2.650000000000000000e+06
2.660000000000000000e+06
2.670000000000000000e+06
2.680000000000000000e+06
2.690000000000000000e+06
2.700000000000000000e+06
2.710000000000000000e+06
2.720000000000000000e+06
2.730000000000000000e+06
2.740000000000000000e+06
2.750000000000000000e+06
2.760000000000000000e+06
2.770000000000000000e+06
2.780000000000000000e+06
2.790000000000000000e+06
2.800000000000000000e+06
2.810000000000000000e+06
2.820000000000000000e+06
2.830000000000000000e+06
2.840000000000000000e+06
2.850000000000000000e+06
2.860000000000000000e+06
2.870000000000000000e+06
2.880000000000000000e+06
2.890000000000000000e+06
2.900000000000000000e+06
2.910000000000000000e+06
2.920000000000000000e+06
2.930000000000000000e+06
2.940000000000000000e+06
2.950000000000000000e+06
2.960000000000000000e+06
2.970000000000000000e+06
2.980000000000000000e+06
2.990000000000000000e+06
3.000000000000000000e+06
3.010000000000000000e+06
3.020000000000000000e+06
3.030000000000000000e+06
3.040000000000000000e+06
3.050000000000000000e+06
3.060000000000000000e+06
3.070000000000000000e+06
3.080000000000000000e+06
3.090000000000000000e+06
3.100000000000000000e+06
3.110000000000000000e+06
3.120000000000000000e+06
3.130000000000000000e+06
3.140000000000000000e+06
3.150000000000000000e+06
3.160000000000000000e+06
3.170000000000000000e+06
3.180000000000000000e+06
3.190000000000000000e+06
3.200000000000000000e+06
3.210000000000000000e+06
3.220000000000000000e+06
3.230000000000000000e+06
3.240000000000000000e+06
3.250000000000000000e+06
3.260000000000000000e+06
3.270000000000000000e+06
3.280000000000000000e+06
3.290000000000000000e+06
3.300000000000000000e+06
3.310000000000000000e+06
3.320000000000000000e+06
3.330000000000000000e+06
3.340000000000000000e+06
3.350000000000000000e+06
3.360000000000000000e+06
3.370000000000000000e+06
3.380000000000000000e+06
3.390000000000000000e+06
3.400000000000000000e+06
3.410000000000000000e+06
3.420000000000000000e+06
3.430000000000000000e+06
3.440000000000000000e+06
3.450000000000000000e+06
3.460000000000000000e+06
3.470000000000000000e+06
3.480000000000000000e+06
3.490000000000000000e+06
3.500000000000000000e+06
3.510000000000000000e+06
3.520000000000000000e+06
3.530000000000000000e+06
3.540000000000000000e+06
3.550000000000000000e+06
3.560000000000000000e+06
3.570000000000000000e+06
3.580000000000000000e+06
3.590000000000000000e+06
3.600000000000000000e+06
3.610000000000000000e+06
3.620000000000000000e+06
3.630000000000000000e+06
3.640000000000000000e+06
3.650000000000000000e+06
3.660000000000000000e+06
3.670000000000000000e+06
3.680000000000000000e+06
3.690000000000000000e+06
3.700000000000000000e+06
3.710000000000000000e+06
3.720000000000000000e+06
3.730000000000000000e+06
3.740000000000000000e+06
3.750000000000000000e+06
3.760000000000000000e+06
3.770000000000000000e+06
3.780000000000000000e+06
3.790000000000000000e+06
3.800000000000000000e+06
3.810000000000000000e+06
3.820000000000000000e+06
3.830000000000000000e+06
3.840000000000000000e+06
3.850000000000000000e+06
3.860000000000000000e+06
3.870000000000000000e+06
3.880000000000000000e+06
3.890000000000000000e+06
3.900000000000000000e+06
3.910000000000000000e+06
3.920000000000000000e+06
3.930000000000000000e+06
3.940000000000000000e+06
3.950000000000000000e+06
3.960000000000000000e+06
3.970000000000000000e+06
3.980000000000000000e+06
3.990000000000000000e+06
4.000000000000000000e+06
4.010000000000000000e+06
4.020000000000000000e+06
4.030000000000000000e+06
4.040000000000000000e+06
4.050000000000000000e+06
4.060000000000000000e+06
4.070000000000000000e+06
4.080000000000000000e+06
4.090000000000000000e+06
4.100000000000000000e+06
4.110000000000000000e+06
4.120000000000000000e+06
4.130000000000000000e+06
4.140000000000000000e+06
4.150000000000000000e+06
4.160000000000000000e+06
4.170000000000000000e+06
4.180000000000000000e+06
4.190000000000000000e+06
4.200000000000000000e+06
4.210000000000000000e+06
4.220000000000000000e+06
4.230000000000000000e+06
4.240000000000000000e+06
4.250000000000000000e+06
4.260000000000000000e+06
4.270000000000000000e+06
4.280000000000000000e+06
4.290000000000000000e+06
4.300000000000000000e+06
4.310000000000000000e+06
4.320000000000000000e+06
4.330000000000000000e+06
4.340000000000000000e+06
4.350000000000000000e+06
4.360000000000000000e+06
4.370000000000000000e+06
4.380000000000000000e+06
4.390000000000000000e+06
4.400000000000000000e+06
4.410000000000000000e+06
4.420000000000000000e+06
4.430000000000000000e+06
4.440000000000000000e+06
4.450000000000000000e+06
4.460000000000000000e+06
4.470000000000000000e+06
4.480000000000000000e+06
4.490000000000000000e+06
4.500000000000000000e+06
4.510000000000000000e+06
4.520000000000000000e+06
4.530000000000000000e+06
4.540000000000000000e+06
4.550000000000000000e+06
4.560000000000000000e+06
4.570000000000000000e+06
4.580000000000000000e+06
4.590000000000000000e+06
4.600000000000000000e+06
4.610000000000000000e+06
4.620000000000000000e+06
4.630000000000000000e+06
4.640000000000000000e+06
4.650000000000000000e+06
4.660000000000000000e+06
4.670000000000000000e+06
4.680000000000000000e+06
4.690000000000000000e+06
4.700000000000000000e+06
4.710000000000000000e+06
4.720000000000000000e+06
4.730000000000000000e+06
4.740000000000000000e+06
4.750000000000000000e+06
4.760000000000000000e+06
4.770000000000000000e+06
4.780000000000000000e+06
4.790000000000000000e+06
4.800000000000000000e+06
4.810000000000000000e+06
4.820000000000000000e+06
4.830000000000000000e+06
4.840000000000000000e+06
4.850000000000000000e+06
4.860000000000000000e+06
4.870000000000000000e+06
4.880000000000000000e+06
4.890000000000000000e+06
4.900000000000000000e+06
4.910000000000000000e+06
4.920000000000000000e+06
4.930000000000000000e+06
4.940000000000000000e+06
4.950000000000000000e+06
4.960000000000000000e+06
4.970000000000000000e+06
4.980000000000000000e+06
4.990000000000000000e+06
5.000000000000000000e+06
5.010000000000000000e+06
5.020000000000000000e+06
5.030000000000000000e+06
5.040000000000000000e+06
5.050000000000000000e+06
5.060000000000000000e+06
5.070000000000000000e+06
5.080000000000000000e+06
5.090000000000000000e+06
5.100000000000000000e+06
5.110000000000000000e+06
5.120000000000000000e+06
5.130000000000000000e+06
5.140000000000000000e+06
5.150000000000000000e+06
5.160000000000000000e+06
5.170000000000000000e+06
5.180000000000000000e+06
5.190000000000000000e+06
5.200000000000000000e+06
5.210000000000000000e+06
5.220000000000000000e+06
5.230000000000000000e+06
5.240000000000000000e+06
5.250000000000000000e+06
5.260000000000000000e+06
5.270000000000000000e+06
5.280000000000000000e+06
5.290000000000000000e+06
5.300000000000000000e+06
5.310000000000000000e+06
5.320000000000000000e+06
5.330000000000000000e+06
5.340000000000000000e+06
5.350000000000000000e+06
5.360000000000000000e+06
5.370000000000000000e+06
5.380000000000000000e+06
5.390000000000000000e+06
5.400000000000000000e+06
5.410000000000000000e+06
5.420000000000000000e+06
5.430000000000000000e+06
5.440000000000000000e+06
5.450000000000000000e+06
5.460000000000000000e+06
5.470000000000000000e+06
5.480000000000000000e+06
5.490000000000000000e+06
5.500000000000000000e+06
5.510000000000000000e+06
5.520000000000000000e+06
5.530000000000000000e+06
5.540000000000000000e+06
5.550000000000000000e+06
5.560000000000000000e+06
5.570000000000000000e+06
5.580000000000000000e+06
5.590000000000000000e+06
5.600000000000000000e+06
5.610000000000000000e+06
5.620000000000000000e+06
5.630000000000000000e+06
5.640000000000000000e+06
5.650000000000000000e+06
5.660000000000000000e+06
5.670000000000000000e+06
5.680000000000000000e+06
5.690000000000000000e+06
5.700000000000000000e+06
5.710000000000000000e+06
5.720000000000000000e+06
5.730000000000000000e+06
5.740000000000000000e+06
5.750000000000000000e+06
5.760000000000000000e+06
5.770000000000000000e+06
5.780000000000000000e+06
5.790000000000000000e+06
5.800000000000000000e+06
5.810000000000000000e+06
5.820000000000000000e+06
5.830000000000000000e+06
5.840000000000000000e+06
5.850000000000000000e+06
5.860000000000000000e+06
5.870000000000000000e+06
5.880000000000000000e+06
5.890000000000000000e+06
5.900000000000000000e+06
5.910000000000000000e+06
5.920000000000000000e+06
5.930000000000000000e+06
5.940000000000000000e+06
5.950000000000000000e+06
5.960000000000000000e+06
5.970000000000000000e+06
5.980000000000000000e+06
5.990000000000000000e+06
6.000000000000000000e+06
6.010000000000000000e+06
6.020000000000000000e+06
6.030000000000000000e+06
6.040000000000000000e+06
6.050000000000000000e+06
6.060000000000000000e+06
6.070000000000000000e+06
6.080000000000000000e+06
6.090000000000000000e+06
6.100000000000000000e+06
6.110000000000000000e+06
6.120000000000000000e+06
6.130000000000000000e+06
6.140000000000000000e+06
6.150000000000000000e+06
6.160000000000000000e+06
6.170000000000000000e+06
6.180000000000000000e+06
6.190000000000000000e+06
6.200000000000000000e+06
6.210000000000000000e+06
6.220000000000000000e+06
6.230000000000000000e+06
6.240000000000000000e+06
6.250000000000000000e+06
6.260000000000000000e+06
6.270000000000000000e+06
6.280000000000000000e+06
6.290000000000000000e+06
6.300000000000000000e+06
6.310000000000000000e+06
6.320000000000000000e+06
6.330000000000000000e+06
6.340000000000000000e+06
6.350000000000000000e+06
6.360000000000000000e+06
6.370000000000000000e+06
6.380000000000000000e+06
6.390000000000000000e+06
6.400000000000000000e+06
6.410000000000000000e+06
6.420000000000000000e+06
6.430000000000000000e+06
6.440000000000000000e+06
6.450000000000000000e+06
6.460000000000000000e+06
6.470000000000000000e+06
6.480000000000000000e+06
6.490000000000000000e+06
6.500000000000000000e+06
6.510000000000000000e+06
6.520000000000000000e+06
6.530000000000000000e+06
6.540000000000000000e+06
6.550000000000000000e+06
6.560000000000000000e+06
6.570000000000000000e+06
6.580000000000000000e+06
6.590000000000000000e+06
6.600000000000000000e+06
6.610000000000000000e+06
6.620000000000000000e+06
6.630000000000000000e+06
6.640000000000000000e+06
6.650000000000000000e+06
6.660000000000000000e+06
6.670000000000000000e+06
6.680000000000000000e+06
6.690000000000000000e+06
6.700000000000000000e+06
6.710000000000000000e+06
6.720000000000000000e+06
6.730000000000000000e+06
6.740000000000000000e+06
6.750000000000000000e+06
6.760000000000000000e+06
6.770000000000000000e+06
6.780000000000000000e+06
6.790000000000000000e+06
6.800000000000000000e+06
6.810000000000000000e+06
6.820000000000000000e+06
6.830000000000000000e+06
6.840000000000000000e+06
6.850000000000000000e+06
6.860000000000000000e+06
6.870000000000000000e+06
6.880000000000000000e+06
6.890000000000000000e+06
6.900000000000000000e+06
6.910000000000000000e+06
6.920000000000000000e+06
6.930000000000000000e+06
6.940000000000000000e+06
6.950000000000000000e+06
6.960000000000000000e+06
6.970000000000000000e+06
6.980000000000000000e+06
6.990000000000000000e+06
7.000000000000000000e+06
7.010000000000000000e+06
7.020000000000000000e+06
7.030000000000000000e+06
7.040000000000000000e+06
7.050000000000000000e+06
7.060000000000000000e+06
7.070000000000000000e+06
7.080000000000000000e+06
7.090000000000000000e+06
7.100000000000000000e+06
7.110000000000000000e+06
7.120000000000000000e+06
7.130000000000000000e+06
7.140000000000000000e+06
7.150000000000000000e+06
7.160000000000000000e+06
7.170000000000000000e+06
7.180000000000000000e+06
7.190000000000000000e+06
7.200000000000000000e+06
7.210000000000000000e+06
7.220000000000000000e+06
7.230000000000000000e+06
7.240000000000000000e+06
7.250000000000000000e+06
7.260000000000000000e+06
7.270000000000000000e+06
7.280000000000000000e+06
7.290000000000000000e+06
7.300000000000000000e+06
7.310000000000000000e+06
7.320000000000000000e+06
7.330000000000000000e+06
7.340000000000000000e+06
7.350000000000000000e+06
7.360000000000000000e+06
7.370000000000000000e+06
7.380000000000000000e+06
7.390000000000000000e+06
7.400000000000000000e+06
7.410000000000000000e+06
7.420000000000000000e+06
7.430000000000000000e+06
7.440000000000000000e+06
7.450000000000000000e+06
7.460000000000000000e+06
7.470000000000000000e+06
7.480000000000000000e+06
7.490000000000000000e+06
7.500000000000000000e+06
7.510000000000000000e+06
7.520000000000000000e+06
7.530000000000000000e+06
7.540000000000000000e+06
7.550000000000000000e+06
7.560000000000000000e+06
7.570000000000000000e+06
7.580000000000000000e+06
7.590000000000000000e+06
7.600000000000000000e+06
7.610000000000000000e+06
7.620000000000000000e+06
7.630000000000000000e+06
7.640000000000000000e+06
7.650000000000000000e+06
7.660000000000000000e+06
7.670000000000000000e+06
7.680000000000000000e+06
7.690000000000000000e+06
7.700000000000000000e+06
7.710000000000000000e+06
7.720000000000000000e+06
7.730000000000000000e+06
7.740000000000000000e+06
7.750000000000000000e+06
7.760000000000000000e+06
7.770000000000000000e+06
7.780000000000000000e+06
7.790000000000000000e+06
7.800000000000000000e+06
7.810000000000000000e+06
7.820000000000000000e+06
7.830000000000000000e+06
7.840000000000000000e+06
7.850000000000000000e+06
7.860000000000000000e+06
7.870000000000000000e+06
7.880000000000000000e+06
7.890000000000000000e+06
7.900000000000000000e+06
7.910000000000000000e+06
7.920000000000000000e+06
7.930000000000000000e+06
7.940000000000000000e+06
7.950000000000000000e+06
7.960000000000000000e+06
7.970000000000000000e+06
7.980000000000000000e+06
7.990000000000000000e+06
8.000000000000000000e+06
8.010000000000000000e+06
8.020000000000000000e+06
8.030000000000000000e+06
8.040000000000000000e+06
8.050000000000000000e+06
8.060000000000000000e+06
8.070000000000000000e+06
8.080000000000000000e+06
8.090000000000000000e+06
8.100000000000000000e+06
8.110000000000000000e+06
8.120000000000000000e+06
8.130000000000000000e+06
8.140000000000000000e+06
8.150000000000000000e+06
8.160000000000000000e+06
8.170000000000000000e+06
8.180000000000000000e+06
8.190000000000000000e+06
8.200000000000000000e+06
8.210000000000000000e+06
8.220000000000000000e+06
8.230000000000000000e+06
8.240000000000000000e+06
8.250000000000000000e+06
8.260000000000000000e+06
8.270000000000000000e+06
8.280000000000000000e+06
8.290000000000000000e+06
8.300000000000000000e+06
8.310000000000000000e+06
8.320000000000000000e+06
8.330000000000000000e+06
8.340000000000000000e+06
8.350000000000000000e+06
8.360000000000000000e+06
8.370000000000000000e+06
8.380000000000000000e+06
8.390000000000000000e+06
8.400000000000000000e+06
8.410000000000000000e+06
8.420000000000000000e+06
8.430000000000000000e+06
8.440000000000000000e+06
8.450000000000000000e+06
8.460000000000000000e+06
8.470000000000000000e+06
8.480000000000000000e+06
8.490000000000000000e+06
8.500000000000000000e+06
8.510000000000000000e+06
8.520000000000000000e+06
8.530000000000000000e+06
8.540000000000000000e+06
8.550000000000000000e+06
8.560000000000000000e+06
8.570000000000000000e+06
8.580000000000000000e+06
8.590000000000000000e+06
8.600000000000000000e+06
8.610000000000000000e+06
8.620000000000000000e+06
8.630000000000000000e+06
8.640000000000000000e+06
8.650000000000000000e+06
8.660000000000000000e+06
8.670000000000000000e+06
8.680000000000000000e+06
8.690000000000000000e+06
8.700000000000000000e+06
8.710000000000000000e+06
8.720000000000000000e+06
8.730000000000000000e+06
8.740000000000000000e+06
8.750000000000000000e+06
8.760000000000000000e+06
8.770000000000000000e+06
8.780000000000000000e+06
8.790000000000000000e+06
8.800000000000000000e+06
8.810000000000000000e+06
8.820000000000000000e+06
8.830000000000000000e+06
8.840000000000000000e+06
8.850000000000000000e+06
8.860000000000000000e+06
8.870000000000000000e+06
8.880000000000000000e+06
8.890000000000000000e+06
8.900000000000000000e+06
8.910000000000000000e+06
8.920000000000000000e+06
8.930000000000000000e+06
8.940000000000000000e+06
8.950000000000000000e+06
8.960000000000000000e+06
8.970000000000000000e+06
8.980000000000000000e+06
8.990000000000000000e+06
9.000000000000000000e+06
9.010000000000000000e+06
9.020000000000000000e+06
9.030000000000000000e+06
9.040000000000000000e+06
9.050000000000000000e+06
9.060000000000000000e+06
9.070000000000000000e+06
9.080000000000000000e+06
9.090000000000000000e+06
9.100000000000000000e+06
9.110000000000000000e+06
9.120000000000000000e+06
9.130000000000000000e+06
9.140000000000000000e+06
9.150000000000000000e+06
9.160000000000000000e+06
9.170000000000000000e+06
9.180000000000000000e+06
9.190000000000000000e+06
9.200000000000000000e+06
9.210000000000000000e+06
9.220000000000000000e+06
9.230000000000000000e+06
9.240000000000000000e+06
9.250000000000000000e+06
9.260000000000000000e+06
9.270000000000000000e+06
9.280000000000000000e+06
9.290000000000000000e+06
9.300000000000000000e+06
9.310000000000000000e+06
9.320000000000000000e+06
9.330000000000000000e+06
9.340000000000000000e+06
9.350000000000000000e+06
9.360000000000000000e+06
9.370000000000000000e+06
9.380000000000000000e+06
9.390000000000000000e+06
9.400000000000000000e+06
9.410000000000000000e+06
9.420000000000000000e+06
9.430000000000000000e+06
9.440000000000000000e+06
9.450000000000000000e+06
9.460000000000000000e+06
9.470000000000000000e+06
9.480000000000000000e+06
9.490000000000000000e+06
9.500000000000000000e+06
9.510000000000000000e+06
9.520000000000000000e+06
9.530000000000000000e+06
9.540000000000000000e+06
9.550000000000000000e+06
9.560000000000000000e+06
9.570000000000000000e+06
9.580000000000000000e+06
9.590000000000000000e+06
9.600000000000000000e+06
9.610000000000000000e+06
9.620000000000000000e+06
9.630000000000000000e+06
9.640000000000000000e+06
9.650000000000000000e+06
9.660000000000000000e+06
9.670000000000000000e+06
9.680000000000000000e+06
9.690000000000000000e+06
9.700000000000000000e+06
9.710000000000000000e+06
9.720000000000000000e+06
9.730000000000000000e+06
9.740000000000000000e+06
9.750000000000000000e+06
9.760000000000000000e+06
9.770000000000000000e+06
9.780000000000000000e+06
9.790000000000000000e+06
9.800000000000000000e+06
9.810000000000000000e+06
9.820000000000000000e+06
9.830000000000000000e+06
9.840000000000000000e+06
9.850000000000000000e+06
9.860000000000000000e+06
9.870000000000000000e+06
9.880000000000000000e+06
9.890000000000000000e+06
9.900000000000000000e+06
9.910000000000000000e+06
9.920000000000000000e+06
9.930000000000000000e+06
9.940000000000000000e+06
9.950000000000000000e+06
9.960000000000000000e+06
9.970000000000000000e+06
9.980000000000000000e+06
9.990000000000000000e+06
1.000000000000000000e+07
1.001000000000000000e+07
1.002000000000000000e+07
1.003000000000000000e+07
1.004000000000000000e+07
1.005000000000000000e+07
1.006000000000000000e+07
1.007000000000000000e+07
1.008000000000000000e+07
1.009000000000000000e+07
1.010000000000000000e+07
1.011000000000000000e+07
1.012000000000000000e+07
1.013000000000000000e+07
1.014000000000000000e+07
1.015000000000000000e+07
1.016000000000000000e+07
1.017000000000000000e+07
1.018000000000000000e+07
1.019000000000000000e+07
1.020000000000000000e+07
1.021000000000000000e+07
1.022000000000000000e+07
1.023000000000000000e+07
1.024000000000000000e+07
1.025000000000000000e+07
1.026000000000000000e+07
1.027000000000000000e+07
1.028000000000000000e+07
1.029000000000000000e+07
1.030000000000000000e+07
1.031000000000000000e+07
1.032000000000000000e+07
1.033000000000000000e+07
1.034000000000000000e+07
1.035000000000000000e+07
1.036000000000000000e+07
1.037000000000000000e+07
1.038000000000000000e+07
1.039000000000000000e+07
1.040000000000000000e+07
1.041000000000000000e+07
1.042000000000000000e+07
1.043000000000000000e+07
1.044000000000000000e+07
1.045000000000000000e+07
1.046000000000000000e+07
1.047000000000000000e+07
1.048000000000000000e+07
1.049000000000000000e+07
1.050000000000000000e+07
1.051000000000000000e+07
1.052000000000000000e+07
1.053000000000000000e+07
1.054000000000000000e+07
1.055000000000000000e+07
1.056000000000000000e+07
1.057000000000000000e+07
1.058000000000000000e+07
1.059000000000000000e+07
1.060000000000000000e+07
1.061000000000000000e+07
1.062000000000000000e+07
1.063000000000000000e+07
1.064000000000000000e+07
1.065000000000000000e+07
1.066000000000000000e+07
1.067000000000000000e+07
1.068000000000000000e+07
1.069000000000000000e+07
1.070000000000000000e+07
1.071000000000000000e+07
1.072000000000000000e+07
1.073000000000000000e+07
1.074000000000000000e+07
1.075000000000000000e+07
1.076000000000000000e+07
1.077000000000000000e+07
1.078000000000000000e+07
1.079000000000000000e+07
1.080000000000000000e+07
1.081000000000000000e+07
1.082000000000000000e+07
1.083000000000000000e+07
1.084000000000000000e+07
1.085000000000000000e+07
1.086000000000000000e+07
1.087000000000000000e+07
1.088000000000000000e+07
1.089000000000000000e+07
1.090000000000000000e+07
1.091000000000000000e+07
1.092000000000000000e+07
1.093000000000000000e+07
1.094000000000000000e+07
1.095000000000000000e+07
1.096000000000000000e+07
1.097000000000000000e+07
1.098000000000000000e+07
1.099000000000000000e+07
1.100000000000000000e+07
1.101000000000000000e+07
1.102000000000000000e+07
1.103000000000000000e+07
1.104000000000000000e+07
1.105000000000000000e+07
1.106000000000000000e+07
1.107000000000000000e+07
1.108000000000000000e+07
1.109000000000000000e+07
1.110000000000000000e+07
1.111000000000000000e+07
1.112000000000000000e+07
1.113000000000000000e+07
1.114000000000000000e+07
1.115000000000000000e+07
1.116000000000000000e+07
1.117000000000000000e+07
1.118000000000000000e+07
1.119000000000000000e+07
1.120000000000000000e+07
1.121000000000000000e+07
1.122000000000000000e+07
1.123000000000000000e+07
1.124000000000000000e+07
1.125000000000000000e+07
1.126000000000000000e+07
1.127000000000000000e+07
1.128000000000000000e+07
1.129000000000000000e+07
1.130000000000000000e+07
1.131000000000000000e+07
1.132000000000000000e+07
1.133000000000000000e+07
1.134000000000000000e+07
1.135000000000000000e+07
1.136000000000000000e+07
1.137000000000000000e+07
1.138000000000000000e+07
1.139000000000000000e+07
1.140000000000000000e+07
1.141000000000000000e+07
1.142000000000000000e+07
1.143000000000000000e+07
1.144000000000000000e+07
1.145000000000000000e+07
1.146000000000000000e+07
1.147000000000000000e+07
1.148000000000000000e+07
1.149000000000000000e+07
1.150000000000000000e+07
1.151000000000000000e+07
1.152000000000000000e+07
1.153000000000000000e+07
1.154000000000000000e+07
1.155000000000000000e+07
1.156000000000000000e+07
1.157000000000000000e+07
1.158000000000000000e+07
1.159000000000000000e+07
1.160000000000000000e+07
1.161000000000000000e+07
1.162000000000000000e+07
1.163000000000000000e+07
1.164000000000000000e+07
1.165000000000000000e+07
1.166000000000000000e+07
1.167000000000000000e+07
1.168000000000000000e+07
1.169000000000000000e+07
1.170000000000000000e+07
1.171000000000000000e+07
1.172000000000000000e+07
1.173000000000000000e+07
1.174000000000000000e+07
1.175000000000000000e+07
1.176000000000000000e+07
1.177000000000000000e+07
1.178000000000000000e+07
1.179000000000000000e+07
1.180000000000000000e+07
1.181000000000000000e+07
1.182000000000000000e+07
1.183000000000000000e+07
1.184000000000000000e+07
1.185000000000000000e+07
1.186000000000000000e+07
1.187000000000000000e+07
1.188000000000000000e+07
1.189000000000000000e+07
1.190000000000000000e+07
1.191000000000000000e+07
1.192000000000000000e+07
1.193000000000000000e+07
1.194000000000000000e+07
1.195000000000000000e+07
1.196000000000000000e+07
1.197000000000000000e+07
1.198000000000000000e+07
1.199000000000000000e+07
1.200000000000000000e+07
1.201000000000000000e+07
1.202000000000000000e+07
1.203000000000000000e+07
1.204000000000000000e+07
1.205000000000000000e+07
1.206000000000000000e+07
1.207000000000000000e+07
1.208000000000000000e+07
1.209000000000000000e+07
1.210000000000000000e+07
1.211000000000000000e+07
1.212000000000000000e+07
1.213000000000000000e+07
1.214000000000000000e+07
1.215000000000000000e+07
1.216000000000000000e+07
1.217000000000000000e+07
1.218000000000000000e+07
1.219000000000000000e+07
1.220000000000000000e+07
1.221000000000000000e+07
1.222000000000000000e+07
1.223000000000000000e+07
1.224000000000000000e+07
1.225000000000000000e+07
1.226000000000000000e+07
1.227000000000000000e+07
1.228000000000000000e+07
1.229000000000000000e+07
1.230000000000000000e+07
1.231000000000000000e+07
1.232000000000000000e+07
1.233000000000000000e+07
1.234000000000000000e+07
1.235000000000000000e+07
1.236000000000000000e+07
1.237000000000000000e+07
1.238000000000000000e+07
1.239000000000000000e+07
1.240000000000000000e+07
1.241000000000000000e+07
1.242000000000000000e+07
1.243000000000000000e+07
1.244000000000000000e+07
1.245000000000000000e+07
1.246000000000000000e+07
1.247000000000000000e+07
1.248000000000000000e+07
1.249000000000000000e+07
1.250000000000000000e+07
1.251000000000000000e+07
1.252000000000000000e+07
1.253000000000000000e+07
1.254000000000000000e+07
1.255000000000000000e+07
1.256000000000000000e+07
1.257000000000000000e+07
1.258000000000000000e+07
1.259000000000000000e+07
1.260000000000000000e+07
1.261000000000000000e+07
1.262000000000000000e+07
1.263000000000000000e+07
1.264000000000000000e+07
1.265000000000000000e+07
1.266000000000000000e+07
1.267000000000000000e+07
1.268000000000000000e+07
1.269000000000000000e+07
1.270000000000000000e+07
1.271000000000000000e+07
1.272000000000000000e+07
1.273000000000000000e+07
1.274000000000000000e+07
1.275000000000000000e+07
1.276000000000000000e+07
1.277000000000000000e+07
1.278000000000000000e+07
1.279000000000000000e+07
1.280000000000000000e+07
1.281000000000000000e+07
1.282000000000000000e+07
1.283000000000000000e+07
1.284000000000000000e+07
1.285000000000000000e+07
1.286000000000000000e+07
1.287000000000000000e+07
1.288000000000000000e+07
1.289000000000000000e+07
1.290000000000000000e+07
1.291000000000000000e+07
1.292000000000000000e+07
1.293000000000000000e+07
1.294000000000000000e+07
1.295000000000000000e+07
1.296000000000000000e+07
1.297000000000000000e+07
1.298000000000000000e+07
1.299000000000000000e+07
1.300000000000000000e+07
1.301000000000000000e+07
1.302000000000000000e+07
1.303000000000000000e+07
1.304000000000000000e+07
1.305000000000000000e+07
1.306000000000000000e+07
1.307000000000000000e+07
1.308000000000000000e+07
1.309000000000000000e+07
1.310000000000000000e+07
1.311000000000000000e+07
1.312000000000000000e+07
1.313000000000000000e+07
1.314000000000000000e+07
1.315000000000000000e+07
1.316000000000000000e+07
1.317000000000000000e+07
1.318000000000000000e+07
1.319000000000000000e+07
1.320000000000000000e+07
1.321000000000000000e+07
1.322000000000000000e+07
1.323000000000000000e+07
1.324000000000000000e+07
1.325000000000000000e+07
1.326000000000000000e+07
1.327000000000000000e+07
1.328000000000000000e+07
1.329000000000000000e+07
1.330000000000000000e+07
1.331000000000000000e+07
1.332000000000000000e+07
1.333000000000000000e+07
1.334000000000000000e+07
1.335000000000000000e+07
1.336000000000000000e+07
1.337000000000000000e+07
1.338000000000000000e+07
1.339000000000000000e+07
1.340000000000000000e+07
1.341000000000000000e+07
1.342000000000000000e+07
1.343000000000000000e+07
1.344000000000000000e+07
1.345000000000000000e+07
1.346000000000000000e+07
1.347000000000000000e+07
1.348000000000000000e+07
1.349000000000000000e+07
1.350000000000000000e+07
1.351000000000000000e+07
1.352000000000000000e+07
1.353000000000000000e+07
1.354000000000000000e+07
1.355000000000000000e+07
1.356000000000000000e+07
1.357000000000000000e+07
1.358000000000000000e+07
1.359000000000000000e+07
1.360000000000000000e+07
1.361000000000000000e+07
1.362000000000000000e+07
1.363000000000000000e+07
1.364000000000000000e+07
1.365000000000000000e+07
1.366000000000000000e+07
1.367000000000000000e+07
1.368000000000000000e+07
1.369000000000000000e+07
1.370000000000000000e+07
1.371000000000000000e+07
1.372000000000000000e+07
1.373000000000000000e+07
1.374000000000000000e+07
1.375000000000000000e+07
1.376000000000000000e+07
1.377000000000000000e+07
1.378000000000000000e+07
1.379000000000000000e+07
1.380000000000000000e+07
1.381000000000000000e+07
1.382000000000000000e+07
1.383000000000000000e+07
1.384000000000000000e+07
1.385000000000000000e+07
1.386000000000000000e+07
1.387000000000000000e+07
1.388000000000000000e+07
1.389000000000000000e+07
1.390000000000000000e+07
1.391000000000000000e+07
1.392000000000000000e+07
1.393000000000000000e+07
1.394000000000000000e+07
1.395000000000000000e+07
1.396000000000000000e+07
1.397000000000000000e+07
1.398000000000000000e+07
1.399000000000000000e+07
1.400000000000000000e+07
1.401000000000000000e+07
1.402000000000000000e+07
1.403000000000000000e+07
1.404000000000000000e+07
1.405000000000000000e+07
1.406000000000000000e+07
1.407000000000000000e+07
1.408000000000000000e+07
1.409000000000000000e+07
1.410000000000000000e+07
1.411000000000000000e+07
1.412000000000000000e+07
1.413000000000000000e+07
1.414000000000000000e+07
1.415000000000000000e+07
1.416000000000000000e+07
1.417000000000000000e+07
1.418000000000000000e+07
1.419000000000000000e+07
1.420000000000000000e+07
1.421000000000000000e+07
1.422000000000000000e+07
1.423000000000000000e+07
1.424000000000000000e+07
1.425000000000000000e+07
1.426000000000000000e+07
1.427000000000000000e+07
1.428000000000000000e+07
1.429000000000000000e+07
1.430000000000000000e+07
1.431000000000000000e+07
1.432000000000000000e+07
1.433000000000000000e+07
1.434000000000000000e+07
1.435000000000000000e+07
1.436000000000000000e+07
1.437000000000000000e+07
1.438000000000000000e+07
1.439000000000000000e+07
1.440000000000000000e+07
1.441000000000000000e+07
1.442000000000000000e+07
1.443000000000000000e+07
1.444000000000000000e+07
1.445000000000000000e+07
1.446000000000000000e+07
1.447000000000000000e+07
1.448000000000000000e+07
1.449000000000000000e+07
1.450000000000000000e+07
1.451000000000000000e+07
1.452000000000000000e+07
1.453000000000000000e+07
1.454000000000000000e+07
1.455000000000000000e+07
1.456000000000000000e+07
1.457000000000000000e+07
1.458000000000000000e+07
1.459000000000000000e+07
1.460000000000000000e+07
1.461000000000000000e+07
1.462000000000000000e+07
1.463000000000000000e+07
1.464000000000000000e+07
1.465000000000000000e+07
1.466000000000000000e+07
1.467000000000000000e+07
1.468000000000000000e+07
1.469000000000000000e+07
1.470000000000000000e+07
1.471000000000000000e+07
1.472000000000000000e+07
1.473000000000000000e+07
1.474000000000000000e+07
1.475000000000000000e+07
1.476000000000000000e+07
1.477000000000000000e+07
1.478000000000000000e+07
1.479000000000000000e+07
1.480000000000000000e+07
1.481000000000000000e+07
1.482000000000000000e+07
1.483000000000000000e+07
1.484000000000000000e+07
1.485000000000000000e+07
1.486000000000000000e+07
1.487000000000000000e+07
1.488000000000000000e+07
1.489000000000000000e+07
1.490000000000000000e+07
1.491000000000000000e+07
1.492000000000000000e+07
1.493000000000000000e+07
1.494000000000000000e+07
1.495000000000000000e+07
1.496000000000000000e+07
1.497000000000000000e+07
1.498000000000000000e+07
1.499000000000000000e+07
1.500000000000000000e+07
1.501000000000000000e+07
1.502000000000000000e+07
1.503000000000000000e+07
1.504000000000000000e+07
1.505000000000000000e+07
1.506000000000000000e+07
1.507000000000000000e+07
1.508000000000000000e+07
1.509000000000000000e+07
1.510000000000000000e+07
1.511000000000000000e+07
1.512000000000000000e+07
1.513000000000000000e+07
1.514000000000000000e+07
1.515000000000000000e+07
1.516000000000000000e+07
1.517000000000000000e+07
1.518000000000000000e+07
1.519000000000000000e+07
1.520000000000000000e+07
1.521000000000000000e+07
1.522000000000000000e+07
1.523000000000000000e+07
1.524000000000000000e+07
1.525000000000000000e+07
1.526000000000000000e+07
1.527000000000000000e+07
1.528000000000000000e+07
1.529000000000000000e+07
1.530000000000000000e+07
1.531000000000000000e+07
1.532000000000000000e+07
1.533000000000000000e+07
1.534000000000000000e+07
1.535000000000000000e+07
1.536000000000000000e+07
1.537000000000000000e+07
1.538000000000000000e+07
1.539000000000000000e+07
1.540000000000000000e+07
1.541000000000000000e+07
1.542000000000000000e+07
1.543000000000000000e+07
1.544000000000000000e+07
1.545000000000000000e+07
1.546000000000000000e+07
1.547000000000000000e+07
1.548000000000000000e+07
1.549000000000000000e+07
1.550000000000000000e+07
1.551000000000000000e+07
1.552000000000000000e+07
1.553000000000000000e+07
1.554000000000000000e+07
1.555000000000000000e+07
1.556000000000000000e+07
1.557000000000000000e+07
1.558000000000000000e+07
1.559000000000000000e+07
1.560000000000000000e+07
1.561000000000000000e+07
1.562000000000000000e+07
1.563000000000000000e+07
1.564000000000000000e+07
1.565000000000000000e+07
1.566000000000000000e+07
1.567000000000000000e+07
1.568000000000000000e+07
1.569000000000000000e+07
1.570000000000000000e+07
1.571000000000000000e+07
1.572000000000000000e+07
1.573000000000000000e+07
1.574000000000000000e+07
1.575000000000000000e+07
1.576000000000000000e+07
1.577000000000000000e+07
1.578000000000000000e+07
1.579000000000000000e+07
1.580000000000000000e+07
1.581000000000000000e+07
1.582000000000000000e+07
1.583000000000000000e+07
1.584000000000000000e+07
1.585000000000000000e+07
1.586000000000000000e+07
1.587000000000000000e+07
1.588000000000000000e+07
1.589000000000000000e+07
1.590000000000000000e+07
1.591000000000000000e+07
1.592000000000000000e+07
1.593000000000000000e+07
1.594000000000000000e+07
1.595000000000000000e+07
1.596000000000000000e+07
1.597000000000000000e+07
1.598000000000000000e+07
1.599000000000000000e+07
1.600000000000000000e+07
1.601000000000000000e+07
1.602000000000000000e+07
1.603000000000000000e+07
1.604000000000000000e+07
1.605000000000000000e+07
1.606000000000000000e+07
1.607000000000000000e+07
1.608000000000000000e+07
1.609000000000000000e+07
1.610000000000000000e+07
1.611000000000000000e+07
1.612000000000000000e+07
1.613000000000000000e+07
1.614000000000000000e+07
1.615000000000000000e+07
1.616000000000000000e+07
1.617000000000000000e+07
1.618000000000000000e+07
1.619000000000000000e+07
1.620000000000000000e+07
1.621000000000000000e+07
1.622000000000000000e+07
1.623000000000000000e+07
1.624000000000000000e+07
1.625000000000000000e+07
1.626000000000000000e+07
1.627000000000000000e+07
1.628000000000000000e+07
1.629000000000000000e+07
1.630000000000000000e+07
1.631000000000000000e+07
1.632000000000000000e+07
1.633000000000000000e+07
1.634000000000000000e+07
1.635000000000000000e+07
1.636000000000000000e+07
1.637000000000000000e+07
1.638000000000000000e+07
1.639000000000000000e+07
1.640000000000000000e+07
1.641000000000000000e+07
1.642000000000000000e+07
1.643000000000000000e+07
1.644000000000000000e+07
1.645000000000000000e+07
1.646000000000000000e+07
1.647000000000000000e+07
1.648000000000000000e+07
1.649000000000000000e+07
1.650000000000000000e+07
1.651000000000000000e+07
1.652000000000000000e+07
1.653000000000000000e+07
1.654000000000000000e+07
1.655000000000000000e+07
1.656000000000000000e+07
1.657000000000000000e+07
1.658000000000000000e+07
1.659000000000000000e+07
1.660000000000000000e+07
1.661000000000000000e+07
1.662000000000000000e+07
1.663000000000000000e+07
1.664000000000000000e+07
1.665000000000000000e+07
1.666000000000000000e+07
1.667000000000000000e+07
1.668000000000000000e+07
1.669000000000000000e+07
1.670000000000000000e+07
1.671000000000000000e+07
1.672000000000000000e+07
1.673000000000000000e+07
1.674000000000000000e+07
1.675000000000000000e+07
1.676000000000000000e+07
1.677000000000000000e+07
1.678000000000000000e+07
1.679000000000000000e+07
1.680000000000000000e+07
1.681000000000000000e+07
1.682000000000000000e+07
1.683000000000000000e+07
1.684000000000000000e+07
1.685000000000000000e+07
1.686000000000000000e+07
1.687000000000000000e+07
1.688000000000000000e+07
1.689000000000000000e+07
1.690000000000000000e+07
1.691000000000000000e+07
1.692000000000000000e+07
1.693000000000000000e+07
1.694000000000000000e+07
1.695000000000000000e+07
1.696000000000000000e+07
1.697000000000000000e+07
1.698000000000000000e+07
1.699000000000000000e+07
1.700000000000000000e+07
1.701000000000000000e+07
1.702000000000000000e+07
1.703000000000000000e+07
1.704000000000000000e+07
1.705000000000000000e+07
1.706000000000000000e+07
1.707000000000000000e+07
1.708000000000000000e+07
1.709000000000000000e+07
1.710000000000000000e+07
1.711000000000000000e+07
1.712000000000000000e+07
1.713000000000000000e+07
1.714000000000000000e+07
1.715000000000000000e+07
1.716000000000000000e+07
1.717000000000000000e+07
1.718000000000000000e+07
1.719000000000000000e+07
1.720000000000000000e+07
1.721000000000000000e+07
1.722000000000000000e+07
1.723000000000000000e+07
1.724000000000000000e+07
1.725000000000000000e+07
1.726000000000000000e+07
1.727000000000000000e+07
1.728000000000000000e+07
1.729000000000000000e+07
1.730000000000000000e+07
1.731000000000000000e+07
1.732000000000000000e+07
1.733000000000000000e+07
1.734000000000000000e+07
1.735000000000000000e+07
1.736000000000000000e+07
1.737000000000000000e+07
1.738000000000000000e+07
1.739000000000000000e+07
1.740000000000000000e+07
1.741000000000000000e+07
1.742000000000000000e+07
1.743000000000000000e+07
1.744000000000000000e+07
1.745000000000000000e+07
1.746000000000000000e+07
1.747000000000000000e+07
1.748000000000000000e+07
1.749000000000000000e+07
1.750000000000000000e+07
1.751000000000000000e+07
1.752000000000000000e+07
1.753000000000000000e+07
1.754000000000000000e+07
1.755000000000000000e+07
1.756000000000000000e+07
1.757000000000000000e+07
1.758000000000000000e+07
1.759000000000000000e+07
1.760000000000000000e+07
1.761000000000000000e+07
1.762000000000000000e+07
1.763000000000000000e+07
1.764000000000000000e+07
1.765000000000000000e+07
1.766000000000000000e+07
1.767000000000000000e+07
1.768000000000000000e+07
1.769000000000000000e+07
1.770000000000000000e+07
1.771000000000000000e+07
1.772000000000000000e+07
1.773000000000000000e+07
1.774000000000000000e+07
1.775000000000000000e+07
1.776000000000000000e+07
1.777000000000000000e+07
1.778000000000000000e+07
1.779000000000000000e+07
1.780000000000000000e+07
1.781000000000000000e+07
1.782000000000000000e+07
1.783000000000000000e+07
1.784000000000000000e+07
1.785000000000000000e+07
1.786000000000000000e+07
1.787000000000000000e+07
1.788000000000000000e+07
1.789000000000000000e+07
1.790000000000000000e+07
1.791000000000000000e+07
1.792000000000000000e+07
1.793000000000000000e+07
1.794000000000000000e+07
1.795000000000000000e+07
1.796000000000000000e+07
1.797000000000000000e+07
1.798000000000000000e+07
1.799000000000000000e+07
1.800000000000000000e+07
1.801000000000000000e+07
1.802000000000000000e+07
1.803000000000000000e+07
1.804000000000000000e+07
1.805000000000000000e+07
1.806000000000000000e+07
1.807000000000000000e+07
1.808000000000000000e+07
1.809000000000000000e+07
1.810000000000000000e+07
1.811000000000000000e+07
1.812000000000000000e+07
1.813000000000000000e+07
1.814000000000000000e+07
1.815000000000000000e+07
1.816000000000000000e+07
1.817000000000000000e+07
1.818000000000000000e+07
1.819000000000000000e+07
1.820000000000000000e+07
1.821000000000000000e+07
1.822000000000000000e+07
1.823000000000000000e+07
1.824000000000000000e+07
1.825000000000000000e+07
1.826000000000000000e+07
1.827000000000000000e+07
1.828000000000000000e+07
1.829000000000000000e+07
1.830000000000000000e+07
1.831000000000000000e+07
1.832000000000000000e+07
1.833000000000000000e+07
1.834000000000000000e+07
1.835000000000000000e+07
1.836000000000000000e+07
1.837000000000000000e+07
1.838000000000000000e+07
1.839000000000000000e+07
1.840000000000000000e+07
1.841000000000000000e+07
1.842000000000000000e+07
1.843000000000000000e+07
1.844000000000000000e+07
1.845000000000000000e+07
1.846000000000000000e+07
1.847000000000000000e+07
1.848000000000000000e+07
1.849000000000000000e+07
1.850000000000000000e+07
1.851000000000000000e+07
1.852000000000000000e+07
1.853000000000000000e+07
1.854000000000000000e+07
1.855000000000000000e+07
1.856000000000000000e+07
1.857000000000000000e+07
1.858000000000000000e+07
1.859000000000000000e+07
1.860000000000000000e+07
1.861000000000000000e+07
1.862000000000000000e+07
1.863000000000000000e+07
1.864000000000000000e+07
1.865000000000000000e+07
1.866000000000000000e+07
1.867000000000000000e+07
1.868000000000000000e+07
1.869000000000000000e+07
1.870000000000000000e+07
1.871000000000000000e+07
1.872000000000000000e+07
1.873000000000000000e+07
1.874000000000000000e+07
1.875000000000000000e+07
1.876000000000000000e+07
1.877000000000000000e+07
1.878000000000000000e+07
1.879000000000000000e+07
1.880000000000000000e+07
1.881000000000000000e+07
1.882000000000000000e+07
1.883000000000000000e+07
1.884000000000000000e+07
1.885000000000000000e+07
1.886000000000000000e+07
1.887000000000000000e+07
1.888000000000000000e+07
1.889000000000000000e+07
1.890000000000000000e+07
1.891000000000000000e+07
1.892000000000000000e+07
1.893000000000000000e+07
1.894000000000000000e+07
1.895000000000000000e+07
1.896000000000000000e+07
1.897000000000000000e+07
1.898000000000000000e+07
1.899000000000000000e+07
1.900000000000000000e+07
1.901000000000000000e+07
1.902000000000000000e+07
1.903000000000000000e+07
1.904000000000000000e+07
1.905000000000000000e+07
1.906000000000000000e+07
1.907000000000000000e+07
1.908000000000000000e+07
1.909000000000000000e+07
1.910000000000000000e+07
1.911000000000000000e+07
1.912000000000000000e+07
1.913000000000000000e+07
1.914000000000000000e+07
1.915000000000000000e+07
1.916000000000000000e+07
1.917000000000000000e+07
1.918000000000000000e+07
1.919000000000000000e+07
1.920000000000000000e+07
1.921000000000000000e+07
1.922000000000000000e+07
1.923000000000000000e+07
1.924000000000000000e+07
1.925000000000000000e+07
1.926000000000000000e+07
1.927000000000000000e+07
1.928000000000000000e+07
1.929000000000000000e+07
1.930000000000000000e+07
1.931000000000000000e+07
1.932000000000000000e+07
1.933000000000000000e+07
1.934000000000000000e+07
1.935000000000000000e+07
1.936000000000000000e+07
1.937000000000000000e+07
1.938000000000000000e+07
1.939000000000000000e+07
1.940000000000000000e+07
1.941000000000000000e+07
1.942000000000000000e+07
1.943000000000000000e+07
1.944000000000000000e+07
1.945000000000000000e+07
1.946000000000000000e+07
1.947000000000000000e+07
1.948000000000000000e+07
1.949000000000000000e+07
1.950000000000000000e+07
1.951000000000000000e+07
1.952000000000000000e+07
1.953000000000000000e+07
1.954000000000000000e+07
1.955000000000000000e+07
1.956000000000000000e+07
1.957000000000000000e+07
1.958000000000000000e+07
1.959000000000000000e+07
1.960000000000000000e+07
1.961000000000000000e+07
1.962000000000000000e+07
1.963000000000000000e+07
1.964000000000000000e+07
1.965000000000000000e+07
1.966000000000000000e+07
1.967000000000000000e+07
1.968000000000000000e+07
1.969000000000000000e+07
1.970000000000000000e+07
1.971000000000000000e+07
1.972000000000000000e+07
1.973000000000000000e+07
1.974000000000000000e+07
1.975000000000000000e+07
1.976000000000000000e+07
1.977000000000000000e+07
1.978000000000000000e+07
1.979000000000000000e+07
1.980000000000000000e+07
1.981000000000000000e+07
1.982000000000000000e+07
1.983000000000000000e+07
1.984000000000000000e+07
1.985000000000000000e+07
1.986000000000000000e+07
1.987000000000000000e+07
1.988000000000000000e+07
1.989000000000000000e+07
1.990000000000000000e+07
1.991000000000000000e+07
1.992000000000000000e+07
1.993000000000000000e+07
1.994000000000000000e+07
1.995000000000000000e+07
1.996000000000000000e+07
1.997000000000000000e+07
1.998000000000000000e+07
1.999000000000000000e+07
2.000000000000000000e+07
2.001000000000000000e+07
2.002000000000000000e+07
2.003000000000000000e+07
2.004000000000000000e+07
2.005000000000000000e+07
2.006000000000000000e+07
2.007000000000000000e+07
2.008000000000000000e+07
2.009000000000000000e+07
2.010000000000000000e+07
2.011000000000000000e+07
2.012000000000000000e+07
2.013000000000000000e+07
2.014000000000000000e+07
2.015000000000000000e+07
2.016000000000000000e+07
2.017000000000000000e+07
2.018000000000000000e+07
2.019000000000000000e+07
2.020000000000000000e+07
2.021000000000000000e+07
2.022000000000000000e+07
2.023000000000000000e+07
2.024000000000000000e+07
2.025000000000000000e+07
2.026000000000000000e+07
2.027000000000000000e+07
2.028000000000000000e+07
2.029000000000000000e+07
2.030000000000000000e+07
2.031000000000000000e+07
2.032000000000000000e+07
2.033000000000000000e+07
2.034000000000000000e+07
2.035000000000000000e+07
2.036000000000000000e+07
2.037000000000000000e+07
2.038000000000000000e+07
2.039000000000000000e+07
2.040000000000000000e+07
2.041000000000000000e+07
2.042000000000000000e+07
2.043000000000000000e+07
2.044000000000000000e+07
2.045000000000000000e+07
2.046000000000000000e+07
2.047000000000000000e+07
2.048000000000000000e+07
2.049000000000000000e+07
2.050000000000000000e+07
2.051000000000000000e+07
2.052000000000000000e+07
2.053000000000000000e+07
2.054000000000000000e+07
2.055000000000000000e+07
2.056000000000000000e+07
2.057000000000000000e+07
2.058000000000000000e+07
2.059000000000000000e+07
2.060000000000000000e+07
2.061000000000000000e+07
2.062000000000000000e+07
2.063000000000000000e+07
2.064000000000000000e+07
2.065000000000000000e+07
2.066000000000000000e+07
2.067000000000000000e+07
2.068000000000000000e+07
2.069000000000000000e+07
2.070000000000000000e+07
2.071000000000000000e+07
2.072000000000000000e+07
2.073000000000000000e+07
2.074000000000000000e+07
2.075000000000000000e+07
2.076000000000000000e+07
2.077000000000000000e+07
2.078000000000000000e+07
2.079000000000000000e+07
2.080000000000000000e+07
2.081000000000000000e+07
2.082000000000000000e+07
2.083000000000000000e+07
2.084000000000000000e+07
2.085000000000000000e+07
2.086000000000000000e+07
2.087000000000000000e+07
2.088000000000000000e+07
2.089000000000000000e+07
2.090000000000000000e+07
2.091000000000000000e+07
2.092000000000000000e+07
2.093000000000000000e+07
2.094000000000000000e+07
2.095000000000000000e+07
2.096000000000000000e+07
2.097000000000000000e+07
2.098000000000000000e+07
2.099000000000000000e+07
2.100000000000000000e+07
2.101000000000000000e+07
2.102000000000000000e+07
2.103000000000000000e+07
2.104000000000000000e+07
2.105000000000000000e+07
2.106000000000000000e+07
2.107000000000000000e+07
2.108000000000000000e+07
2.109000000000000000e+07
2.110000000000000000e+07
2.111000000000000000e+07
2.112000000000000000e+07
2.113000000000000000e+07
2.114000000000000000e+07
2.115000000000000000e+07
2.116000000000000000e+07
2.117000000000000000e+07
2.118000000000000000e+07
2.119000000000000000e+07
2.120000000000000000e+07
2.121000000000000000e+07
2.122000000000000000e+07
2.123000000000000000e+07
2.124000000000000000e+07
2.125000000000000000e+07
2.126000000000000000e+07
2.127000000000000000e+07
2.128000000000000000e+07
2.129000000000000000e+07
2.130000000000000000e+07
2.131000000000000000e+07
2.132000000000000000e+07
2.133000000000000000e+07
2.134000000000000000e+07
2.135000000000000000e+07
2.136000000000000000e+07
2.137000000000000000e+07
2.138000000000000000e+07
2.139000000000000000e+07
2.140000000000000000e+07
2.141000000000000000e+07
2.142000000000000000e+07
2.143000000000000000e+07
2.144000000000000000e+07
2.145000000000000000e+07
2.146000000000000000e+07
2.147000000000000000e+07
2.148000000000000000e+07
2.149000000000000000e+07
2.150000000000000000e+07
2.151000000000000000e+07
2.152000000000000000e+07
2.153000000000000000e+07
2.154000000000000000e+07
2.155000000000000000e+07
2.156000000000000000e+07
2.157000000000000000e+07
2.158000000000000000e+07
2.159000000000000000e+07
2.160000000000000000e+07
2.161000000000000000e+07
2.162000000000000000e+07
2.163000000000000000e+07
2.164000000000000000e+07
2.165000000000000000e+07
2.166000000000000000e+07
2.167000000000000000e+07
2.168000000000000000e+07
2.169000000000000000e+07
2.170000000000000000e+07
2.171000000000000000e+07
2.172000000000000000e+07
2.173000000000000000e+07
2.174000000000000000e+07
2.175000000000000000e+07
2.176000000000000000e+07
2.177000000000000000e+07
2.178000000000000000e+07
2.179000000000000000e+07
2.180000000000000000e+07
2.181000000000000000e+07
2.182000000000000000e+07
2.183000000000000000e+07
2.184000000000000000e+07
2.185000000000000000e+07
2.186000000000000000e+07
2.187000000000000000e+07
2.188000000000000000e+07
2.189000000000000000e+07
2.190000000000000000e+07
2.191000000000000000e+07
2.192000000000000000e+07
2.193000000000000000e+07
2.194000000000000000e+07
2.195000000000000000e+07
2.196000000000000000e+07
2.197000000000000000e+07
2.198000000000000000e+07
2.199000000000000000e+07
2.200000000000000000e+07
2.201000000000000000e+07
2.202000000000000000e+07
2.203000000000000000e+07
2.204000000000000000e+07
2.205000000000000000e+07
2.206000000000000000e+07
2.207000000000000000e+07
2.208000000000000000e+07
2.209000000000000000e+07
2.210000000000000000e+07
2.211000000000000000e+07
2.212000000000000000e+07
2.213000000000000000e+07
2.214000000000000000e+07
2.215000000000000000e+07
2.216000000000000000e+07
2.217000000000000000e+07
2.218000000000000000e+07
2.219000000000000000e+07
2.220000000000000000e+07
2.221000000000000000e+07
2.222000000000000000e+07
2.223000000000000000e+07
2.224000000000000000e+07
2.225000000000000000e+07
2.226000000000000000e+07
2.227000000000000000e+07
2.228000000000000000e+07
2.229000000000000000e+07
2.230000000000000000e+07
2.231000000000000000e+07
2.232000000000000000e+07
2.233000000000000000e+07
2.234000000000000000e+07
2.235000000000000000e+07
2.236000000000000000e+07
2.237000000000000000e+07
2.238000000000000000e+07
2.239000000000000000e+07
2.240000000000000000e+07
2.241000000000000000e+07
2.242000000000000000e+07
2.243000000000000000e+07
2.244000000000000000e+07
2.245000000000000000e+07
2.246000000000000000e+07
2.247000000000000000e+07
2.248000000000000000e+07
2.249000000000000000e+07
2.250000000000000000e+07
2.251000000000000000e+07
2.252000000000000000e+07
2.253000000000000000e+07
2.254000000000000000e+07
2.255000000000000000e+07
2.256000000000000000e+07
2.257000000000000000e+07
2.258000000000000000e+07
2.259000000000000000e+07
2.260000000000000000e+07
2.261000000000000000e+07
2.262000000000000000e+07
2.263000000000000000e+07
2.264000000000000000e+07
2.265000000000000000e+07
2.266000000000000000e+07
2.267000000000000000e+07
2.268000000000000000e+07
2.269000000000000000e+07
2.270000000000000000e+07
2.271000000000000000e+07
2.272000000000000000e+07
2.273000000000000000e+07
2.274000000000000000e+07
2.275000000000000000e+07
2.276000000000000000e+07
2.277000000000000000e+07
2.278000000000000000e+07
2.279000000000000000e+07
2.280000000000000000e+07
2.281000000000000000e+07
2.282000000000000000e+07
2.283000000000000000e+07
2.284000000000000000e+07
2.285000000000000000e+07
2.286000000000000000e+07
2.287000000000000000e+07
2.288000000000000000e+07
2.289000000000000000e+07
2.290000000000000000e+07
2.291000000000000000e+07
2.292000000000000000e+07
2.293000000000000000e+07
2.294000000000000000e+07
2.295000000000000000e+07
2.296000000000000000e+07
2.297000000000000000e+07
2.298000000000000000e+07
2.299000000000000000e+07
2.300000000000000000e+07
2.301000000000000000e+07
2.302000000000000000e+07
2.303000000000000000e+07
2.304000000000000000e+07
2.305000000000000000e+07
2.306000000000000000e+07
2.307000000000000000e+07
2.308000000000000000e+07
2.309000000000000000e+07
2.310000000000000000e+07
2.311000000000000000e+07
2.312000000000000000e+07
2.313000000000000000e+07
2.314000000000000000e+07
2.315000000000000000e+07
2.316000000000000000e+07
2.317000000000000000e+07
2.318000000000000000e+07
2.319000000000000000e+07
2.320000000000000000e+07
2.321000000000000000e+07
2.322000000000000000e+07
2.323000000000000000e+07
2.324000000000000000e+07
2.325000000000000000e+07
2.326000000000000000e+07
2.327000000000000000e+07
2.328000000000000000e+07
2.329000000000000000e+07
2.330000000000000000e+07
2.331000000000000000e+07
2.332000000000000000e+07
2.333000000000000000e+07
2.334000000000000000e+07
2.335000000000000000e+07
2.336000000000000000e+07
2.337000000000000000e+07
2.338000000000000000e+07
2.339000000000000000e+07
2.340000000000000000e+07
2.341000000000000000e+07
2.342000000000000000e+07
2.343000000000000000e+07
2.344000000000000000e+07
2.345000000000000000e+07
2.346000000000000000e+07
2.347000000000000000e+07
2.348000000000000000e+07
2.349000000000000000e+07
2.350000000000000000e+07
2.351000000000000000e+07
2.352000000000000000e+07
2.353000000000000000e+07
2.354000000000000000e+07
2.355000000000000000e+07
2.356000000000000000e+07
2.357000000000000000e+07
2.358000000000000000e+07
2.359000000000000000e+07
2.360000000000000000e+07
2.361000000000000000e+07
2.362000000000000000e+07
2.363000000000000000e+07
2.364000000000000000e+07
2.365000000000000000e+07
2.366000000000000000e+07
2.367000000000000000e+07
2.368000000000000000e+07
2.369000000000000000e+07
2.370000000000000000e+07
2.371000000000000000e+07
2.372000000000000000e+07
2.373000000000000000e+07
2.374000000000000000e+07
2.375000000000000000e+07
2.376000000000000000e+07
2.377000000000000000e+07
2.378000000000000000e+07
2.379000000000000000e+07
2.380000000000000000e+07
2.381000000000000000e+07
2.382000000000000000e+07
2.383000000000000000e+07
2.384000000000000000e+07
2.385000000000000000e+07
2.386000000000000000e+07
2.387000000000000000e+07
2.388000000000000000e+07
2.389000000000000000e+07
2.390000000000000000e+07
2.391000000000000000e+07
2.392000000000000000e+07
2.393000000000000000e+07
2.394000000000000000e+07
2.395000000000000000e+07
2.396000000000000000e+07
2.397000000000000000e+07
2.398000000000000000e+07
2.399000000000000000e+07
2.400000000000000000e+07
2.401000000000000000e+07
2.402000000000000000e+07
2.403000000000000000e+07
2.404000000000000000e+07
2.405000000000000000e+07
2.406000000000000000e+07
2.407000000000000000e+07
2.408000000000000000e+07
2.409000000000000000e+07
2.410000000000000000e+07
2.411000000000000000e+07
2.412000000000000000e+07
2.413000000000000000e+07
2.414000000000000000e+07
2.415000000000000000e+07
2.416000000000000000e+07
2.417000000000000000e+07
2.418000000000000000e+07
2.419000000000000000e+07
2.420000000000000000e+07
2.421000000000000000e+07
2.422000000000000000e+07
2.423000000000000000e+07
2.424000000000000000e+07
2.425000000000000000e+07
2.426000000000000000e+07
2.427000000000000000e+07
2.428000000000000000e+07
2.429000000000000000e+07
2.430000000000000000e+07
2.431000000000000000e+07
2.432000000000000000e+07
2.433000000000000000e+07
2.434000000000000000e+07
2.435000000000000000e+07
2.436000000000000000e+07
2.437000000000000000e+07
2.438000000000000000e+07
2.439000000000000000e+07
2.440000000000000000e+07
2.441000000000000000e+07
2.442000000000000000e+07
2.443000000000000000e+07
2.444000000000000000e+07
2.445000000000000000e+07
2.446000000000000000e+07
2.447000000000000000e+07
2.448000000000000000e+07
2.449000000000000000e+07
2.450000000000000000e+07
2.451000000000000000e+07
2.452000000000000000e+07
2.453000000000000000e+07
2.454000000000000000e+07
2.455000000000000000e+07
2.456000000000000000e+07
2.457000000000000000e+07
2.458000000000000000e+07
2.459000000000000000e+07
2.460000000000000000e+07
2.461000000000000000e+07
2.462000000000000000e+07
2.463000000000000000e+07
2.464000000000000000e+07
2.465000000000000000e+07
2.466000000000000000e+07
2.467000000000000000e+07
2.468000000000000000e+07
2.469000000000000000e+07
2.470000000000000000e+07
2.471000000000000000e+07
2.472000000000000000e+07
2.473000000000000000e+07
2.474000000000000000e+07
2.475000000000000000e+07
2.476000000000000000e+07
2.477000000000000000e+07
2.478000000000000000e+07
2.479000000000000000e+07
2.480000000000000000e+07
2.481000000000000000e+07
2.482000000000000000e+07
2.483000000000000000e+07
2.484000000000000000e+07
2.485000000000000000e+07
2.486000000000000000e+07
2.487000000000000000e+07
2.488000000000000000e+07
2.489000000000000000e+07
2.490000000000000000e+07
2.491000000000000000e+07
2.492000000000000000e+07
2.493000000000000000e+07
2.494000000000000000e+07
2.495000000000000000e+07
2.496000000000000000e+07
2.497000000000000000e+07
2.498000000000000000e+07
2.499000000000000000e+07
2.500000000000000000e+07
2.501000000000000000e+07
2.502000000000000000e+07
2.503000000000000000e+07
2.504000000000000000e+07
2.505000000000000000e+07
2.506000000000000000e+07
2.507000000000000000e+07
2.508000000000000000e+07
2.509000000000000000e+07
2.510000000000000000e+07
2.511000000000000000e+07
2.512000000000000000e+07
2.513000000000000000e+07
2.514000000000000000e+07
2.515000000000000000e+07
2.516000000000000000e+07
2.517000000000000000e+07
2.518000000000000000e+07
2.519000000000000000e+07
2.520000000000000000e+07
2.521000000000000000e+07
2.522000000000000000e+07
2.523000000000000000e+07
2.524000000000000000e+07
2.525000000000000000e+07
2.526000000000000000e+07
2.527000000000000000e+07
2.528000000000000000e+07
2.529000000000000000e+07
2.530000000000000000e+07
2.531000000000000000e+07
2.532000000000000000e+07
2.533000000000000000e+07
2.534000000000000000e+07
2.535000000000000000e+07
2.536000000000000000e+07
2.537000000000000000e+07
2.538000000000000000e+07
2.539000000000000000e+07
2.540000000000000000e+07
2.541000000000000000e+07
2.542000000000000000e+07
2.543000000000000000e+07
2.544000000000000000e+07
2.545000000000000000e+07
2.546000000000000000e+07
2.547000000000000000e+07
2.548000000000000000e+07
2.549000000000000000e+07
2.550000000000000000e+07
2.551000000000000000e+07
2.552000000000000000e+07
2.553000000000000000e+07
2.554000000000000000e+07
2.555000000000000000e+07
2.556000000000000000e+07
2.557000000000000000e+07
2.558000000000000000e+07
2.559000000000000000e+07
2.560000000000000000e+07
2.561000000000000000e+07
2.562000000000000000e+07
2.563000000000000000e+07
2.564000000000000000e+07
2.565000000000000000e+07
2.566000000000000000e+07
2.567000000000000000e+07
2.568000000000000000e+07
2.569000000000000000e+07
2.570000000000000000e+07
2.571000000000000000e+07
2.572000000000000000e+07
2.573000000000000000e+07
2.574000000000000000e+07
2.575000000000000000e+07
2.576000000000000000e+07
2.577000000000000000e+07
2.578000000000000000e+07
2.579000000000000000e+07
2.580000000000000000e+07
2.581000000000000000e+07
2.582000000000000000e+07
2.583000000000000000e+07
2.584000000000000000e+07
2.585000000000000000e+07
2.586000000000000000e+07
2.587000000000000000e+07
2.588000000000000000e+07
2.589000000000000000e+07
2.590000000000000000e+07
2.591000000000000000e+07
2.592000000000000000e+07
2.593000000000000000e+07
2.594000000000000000e+07
2.595000000000000000e+07
2.596000000000000000e+07
2.597000000000000000e+07
2.598000000000000000e+07
2.599000000000000000e+07
2.600000000000000000e+07
2.601000000000000000e+07
2.602000000000000000e+07
2.603000000000000000e+07
2.604000000000000000e+07
2.605000000000000000e+07
2.606000000000000000e+07
2.607000000000000000e+07
2.608000000000000000e+07
2.609000000000000000e+07
2.610000000000000000e+07
2.611000000000000000e+07
2.612000000000000000e+07
2.613000000000000000e+07
2.614000000000000000e+07
2.615000000000000000e+07
2.616000000000000000e+07
2.617000000000000000e+07
2.618000000000000000e+07
2.619000000000000000e+07
2.620000000000000000e+07
2.621000000000000000e+07
2.622000000000000000e+07
2.623000000000000000e+07
2.624000000000000000e+07
2.625000000000000000e+07
2.626000000000000000e+07
2.627000000000000000e+07
2.628000000000000000e+07
2.629000000000000000e+07
2.630000000000000000e+07
2.631000000000000000e+07
2.632000000000000000e+07
2.633000000000000000e+07
2.634000000000000000e+07
2.635000000000000000e+07
2.636000000000000000e+07
2.637000000000000000e+07
2.638000000000000000e+07
2.639000000000000000e+07
2.640000000000000000e+07
2.641000000000000000e+07
2.642000000000000000e+07
2.643000000000000000e+07
2.644000000000000000e+07
2.645000000000000000e+07
2.646000000000000000e+07
2.647000000000000000e+07
2.648000000000000000e+07
2.649000000000000000e+07
2.650000000000000000e+07
2.651000000000000000e+07
2.652000000000000000e+07
2.653000000000000000e+07
2.654000000000000000e+07
2.655000000000000000e+07
2.656000000000000000e+07
2.657000000000000000e+07
2.658000000000000000e+07
2.659000000000000000e+07
2.660000000000000000e+07
2.661000000000000000e+07
2.662000000000000000e+07
2.663000000000000000e+07
2.664000000000000000e+07
2.665000000000000000e+07
2.666000000000000000e+07
2.667000000000000000e+07
2.668000000000000000e+07
2.669000000000000000e+07
2.670000000000000000e+07
2.671000000000000000e+07
2.672000000000000000e+07
2.673000000000000000e+07
2.674000000000000000e+07
2.675000000000000000e+07
2.676000000000000000e+07
2.677000000000000000e+07
2.678000000000000000e+07
2.679000000000000000e+07
2.680000000000000000e+07
2.681000000000000000e+07
2.682000000000000000e+07
2.683000000000000000e+07
2.684000000000000000e+07
2.685000000000000000e+07
2.686000000000000000e+07
2.687000000000000000e+07
2.688000000000000000e+07
2.689000000000000000e+07
2.690000000000000000e+07
2.691000000000000000e+07
2.692000000000000000e+07
2.693000000000000000e+07
2.694000000000000000e+07
2.695000000000000000e+07
2.696000000000000000e+07
2.697000000000000000e+07
2.698000000000000000e+07
2.699000000000000000e+07
2.700000000000000000e+07
2.701000000000000000e+07
2.702000000000000000e+07
2.703000000000000000e+07
2.704000000000000000e+07
2.705000000000000000e+07
2.706000000000000000e+07
2.707000000000000000e+07
2.708000000000000000e+07
2.709000000000000000e+07
2.710000000000000000e+07
2.711000000000000000e+07
2.712000000000000000e+07
2.713000000000000000e+07
2.714000000000000000e+07
2.715000000000000000e+07
2.716000000000000000e+07
2.717000000000000000e+07
2.718000000000000000e+07
2.719000000000000000e+07
2.720000000000000000e+07
2.721000000000000000e+07
2.722000000000000000e+07
2.723000000000000000e+07
2.724000000000000000e+07
2.725000000000000000e+07
2.726000000000000000e+07
2.727000000000000000e+07
2.728000000000000000e+07
2.729000000000000000e+07
2.730000000000000000e+07
2.731000000000000000e+07
2.732000000000000000e+07
2.733000000000000000e+07
2.734000000000000000e+07
2.735000000000000000e+07
2.736000000000000000e+07
2.737000000000000000e+07
2.738000000000000000e+07
2.739000000000000000e+07
2.740000000000000000e+07
2.741000000000000000e+07
2.742000000000000000e+07
2.743000000000000000e+07
2.744000000000000000e+07
2.745000000000000000e+07
2.746000000000000000e+07
2.747000000000000000e+07
2.748000000000000000e+07
2.749000000000000000e+07
2.750000000000000000e+07
2.751000000000000000e+07
2.752000000000000000e+07
2.753000000000000000e+07
2.754000000000000000e+07
2.755000000000000000e+07
2.756000000000000000e+07
2.757000000000000000e+07
2.758000000000000000e+07
2.759000000000000000e+07
2.760000000000000000e+07
2.761000000000000000e+07
2.762000000000000000e+07
2.763000000000000000e+07
2.764000000000000000e+07
2.765000000000000000e+07
2.766000000000000000e+07
2.767000000000000000e+07
2.768000000000000000e+07
2.769000000000000000e+07
2.770000000000000000e+07
2.771000000000000000e+07
2.772000000000000000e+07
2.773000000000000000e+07
2.774000000000000000e+07
2.775000000000000000e+07
2.776000000000000000e+07
2.777000000000000000e+07
2.778000000000000000e+07
2.779000000000000000e+07
2.780000000000000000e+07
2.781000000000000000e+07
2.782000000000000000e+07
2.783000000000000000e+07
2.784000000000000000e+07
2.785000000000000000e+07
2.786000000000000000e+07
2.787000000000000000e+07
2.788000000000000000e+07
2.789000000000000000e+07
2.790000000000000000e+07
2.791000000000000000e+07
2.792000000000000000e+07
2.793000000000000000e+07
2.794000000000000000e+07
2.795000000000000000e+07
2.796000000000000000e+07
2.797000000000000000e+07
2.798000000000000000e+07
2.799000000000000000e+07
2.800000000000000000e+07
2.801000000000000000e+07
2.802000000000000000e+07
2.803000000000000000e+07
2.804000000000000000e+07
2.805000000000000000e+07
2.806000000000000000e+07
2.807000000000000000e+07
2.808000000000000000e+07
2.809000000000000000e+07
2.810000000000000000e+07
2.811000000000000000e+07
2.812000000000000000e+07
2.813000000000000000e+07
2.814000000000000000e+07
2.815000000000000000e+07
2.816000000000000000e+07
2.817000000000000000e+07
2.818000000000000000e+07
2.819000000000000000e+07
2.820000000000000000e+07
2.821000000000000000e+07
2.822000000000000000e+07
2.823000000000000000e+07
2.824000000000000000e+07
2.825000000000000000e+07
2.826000000000000000e+07
2.827000000000000000e+07
2.828000000000000000e+07
2.829000000000000000e+07
2.830000000000000000e+07
2.831000000000000000e+07
2.832000000000000000e+07
2.833000000000000000e+07
2.834000000000000000e+07
2.835000000000000000e+07
2.836000000000000000e+07
2.837000000000000000e+07
2.838000000000000000e+07
2.839000000000000000e+07
2.840000000000000000e+07
2.841000000000000000e+07
2.842000000000000000e+07
2.843000000000000000e+07
2.844000000000000000e+07
2.845000000000000000e+07
2.846000000000000000e+07
2.847000000000000000e+07
2.848000000000000000e+07
2.849000000000000000e+07
2.850000000000000000e+07
2.851000000000000000e+07
2.852000000000000000e+07
2.853000000000000000e+07
2.854000000000000000e+07
2.855000000000000000e+07
2.856000000000000000e+07
2.857000000000000000e+07
2.858000000000000000e+07
2.859000000000000000e+07
2.860000000000000000e+07
2.861000000000000000e+07
2.862000000000000000e+07
2.863000000000000000e+07
2.864000000000000000e+07
2.865000000000000000e+07
2.866000000000000000e+07
2.867000000000000000e+07
2.868000000000000000e+07
2.869000000000000000e+07
2.870000000000000000e+07
2.871000000000000000e+07
2.872000000000000000e+07
2.873000000000000000e+07
2.874000000000000000e+07
2.875000000000000000e+07
2.876000000000000000e+07
2.877000000000000000e+07
2.878000000000000000e+07
2.879000000000000000e+07
2.880000000000000000e+07
2.881000000000000000e+07
2.882000000000000000e+07
2.883000000000000000e+07
2.884000000000000000e+07
2.885000000000000000e+07
2.886000000000000000e+07
2.887000000000000000e+07
2.888000000000000000e+07
2.889000000000000000e+07
2.890000000000000000e+07
2.891000000000000000e+07
2.892000000000000000e+07
2.893000000000000000e+07
2.894000000000000000e+07
2.895000000000000000e+07
2.896000000000000000e+07
2.897000000000000000e+07
2.898000000000000000e+07
2.899000000000000000e+07
2.900000000000000000e+07
2.901000000000000000e+07
2.902000000000000000e+07
2.903000000000000000e+07
2.904000000000000000e+07
2.905000000000000000e+07
2.906000000000000000e+07
2.907000000000000000e+07
2.908000000000000000e+07
2.909000000000000000e+07
2.910000000000000000e+07
2.911000000000000000e+07
2.912000000000000000e+07
2.913000000000000000e+07
2.914000000000000000e+07
2.915000000000000000e+07
2.916000000000000000e+07
2.917000000000000000e+07
2.918000000000000000e+07
2.919000000000000000e+07
2.920000000000000000e+07
2.921000000000000000e+07
2.922000000000000000e+07
2.923000000000000000e+07
2.924000000000000000e+07
2.925000000000000000e+07
2.926000000000000000e+07
2.927000000000000000e+07
2.928000000000000000e+07
2.929000000000000000e+07
2.930000000000000000e+07
2.931000000000000000e+07
2.932000000000000000e+07
2.933000000000000000e+07
2.934000000000000000e+07
2.935000000000000000e+07
2.936000000000000000e+07
2.937000000000000000e+07
2.938000000000000000e+07
2.939000000000000000e+07
2.940000000000000000e+07
2.941000000000000000e+07
2.942000000000000000e+07
2.943000000000000000e+07
2.944000000000000000e+07
2.945000000000000000e+07
2.946000000000000000e+07
2.947000000000000000e+07
2.948000000000000000e+07
2.949000000000000000e+07
2.950000000000000000e+07
2.951000000000000000e+07
2.952000000000000000e+07
2.953000000000000000e+07
2.954000000000000000e+07
2.955000000000000000e+07
2.956000000000000000e+07
2.957000000000000000e+07
2.958000000000000000e+07
2.959000000000000000e+07
2.960000000000000000e+07
2.961000000000000000e+07
2.962000000000000000e+07
2.963000000000000000e+07
2.964000000000000000e+07
2.965000000000000000e+07
2.966000000000000000e+07
2.967000000000000000e+07
2.968000000000000000e+07
2.969000000000000000e+07
2.970000000000000000e+07
2.971000000000000000e+07
2.972000000000000000e+07
2.973000000000000000e+07
2.974000000000000000e+07
2.975000000000000000e+07
2.976000000000000000e+07
2.977000000000000000e+07
2.978000000000000000e+07
2.979000000000000000e+07
2.980000000000000000e+07
2.981000000000000000e+07
2.982000000000000000e+07
2.983000000000000000e+07
2.984000000000000000e+07
2.985000000000000000e+07
2.986000000000000000e+07
2.987000000000000000e+07
2.988000000000000000e+07
2.989000000000000000e+07
2.990000000000000000e+07
2.991000000000000000e+07
2.992000000000000000e+07
2.993000000000000000e+07
2.994000000000000000e+07
2.995000000000000000e+07
2.996000000000000000e+07
2.997000000000000000e+07
2.998000000000000000e+07
2.999000000000000000e+07
3.000000000000000000e+07
3.001000000000000000e+07
3.002000000000000000e+07
3.003000000000000000e+07
3.004000000000000000e+07
3.005000000000000000e+07
3.006000000000000000e+07
3.007000000000000000e+07
3.008000000000000000e+07
3.009000000000000000e+07
3.010000000000000000e+07
3.011000000000000000e+07
3.012000000000000000e+07
3.013000000000000000e+07
3.014000000000000000e+07
3.015000000000000000e+07
3.016000000000000000e+07
3.017000000000000000e+07
3.018000000000000000e+07
3.019000000000000000e+07
3.020000000000000000e+07
3.021000000000000000e+07
3.022000000000000000e+07
3.023000000000000000e+07
3.024000000000000000e+07
3.025000000000000000e+07
3.026000000000000000e+07
3.027000000000000000e+07
3.028000000000000000e+07
3.029000000000000000e+07
3.030000000000000000e+07
3.031000000000000000e+07
3.032000000000000000e+07
3.033000000000000000e+07
3.034000000000000000e+07
3.035000000000000000e+07
3.036000000000000000e+07
3.037000000000000000e+07
3.038000000000000000e+07
3.039000000000000000e+07
3.040000000000000000e+07
3.041000000000000000e+07
3.042000000000000000e+07
3.043000000000000000e+07
3.044000000000000000e+07
3.045000000000000000e+07
3.046000000000000000e+07
3.047000000000000000e+07
3.048000000000000000e+07
3.049000000000000000e+07
3.050000000000000000e+07
3.051000000000000000e+07
3.052000000000000000e+07
3.053000000000000000e+07
3.054000000000000000e+07
3.055000000000000000e+07
3.056000000000000000e+07
3.057000000000000000e+07
3.058000000000000000e+07
3.059000000000000000e+07
3.060000000000000000e+07
3.061000000000000000e+07
3.062000000000000000e+07
3.063000000000000000e+07
3.064000000000000000e+07
3.065000000000000000e+07
3.066000000000000000e+07
3.067000000000000000e+07
3.068000000000000000e+07
3.069000000000000000e+07
3.070000000000000000e+07
3.071000000000000000e+07
3.072000000000000000e+07
3.073000000000000000e+07
3.074000000000000000e+07
3.075000000000000000e+07
3.076000000000000000e+07
3.077000000000000000e+07
3.078000000000000000e+07
3.079000000000000000e+07
3.080000000000000000e+07
3.081000000000000000e+07
3.082000000000000000e+07
3.083000000000000000e+07
3.084000000000000000e+07
3.085000000000000000e+07
3.086000000000000000e+07
3.087000000000000000e+07
3.088000000000000000e+07
3.089000000000000000e+07
3.090000000000000000e+07
3.091000000000000000e+07
3.092000000000000000e+07
3.093000000000000000e+07
3.094000000000000000e+07
3.095000000000000000e+07
3.096000000000000000e+07
3.097000000000000000e+07
3.098000000000000000e+07
3.099000000000000000e+07
3.100000000000000000e+07
3.101000000000000000e+07
3.102000000000000000e+07
3.103000000000000000e+07
3.104000000000000000e+07
3.105000000000000000e+07
3.106000000000000000e+07
3.107000000000000000e+07
3.108000000000000000e+07
3.109000000000000000e+07
3.110000000000000000e+07
3.111000000000000000e+07
3.112000000000000000e+07
3.113000000000000000e+07
3.114000000000000000e+07
3.115000000000000000e+07
3.116000000000000000e+07
3.117000000000000000e+07
3.118000000000000000e+07
3.119000000000000000e+07
3.120000000000000000e+07
3.121000000000000000e+07
3.122000000000000000e+07
3.123000000000000000e+07
3.124000000000000000e+07
3.125000000000000000e+07
3.126000000000000000e+07
3.127000000000000000e+07
3.128000000000000000e+07
3.129000000000000000e+07
3.130000000000000000e+07
3.131000000000000000e+07
3.132000000000000000e+07
3.133000000000000000e+07
3.134000000000000000e+07
3.135000000000000000e+07
3.136000000000000000e+07
3.137000000000000000e+07
3.138000000000000000e+07
3.139000000000000000e+07
3.140000000000000000e+07
3.141000000000000000e+07
3.142000000000000000e+07
3.143000000000000000e+07
3.144000000000000000e+07
3.145000000000000000e+07
3.146000000000000000e+07
3.147000000000000000e+07
3.148000000000000000e+07
3.149000000000000000e+07
3.150000000000000000e+07
3.151000000000000000e+07
3.152000000000000000e+07
3.153000000000000000e+07
3.154000000000000000e+07
3.155000000000000000e+07
3.156000000000000000e+07
3.157000000000000000e+07
3.158000000000000000e+07
3.159000000000000000e+07
3.160000000000000000e+07
3.161000000000000000e+07
3.162000000000000000e+07
3.163000000000000000e+07
3.164000000000000000e+07
3.165000000000000000e+07
3.166000000000000000e+07
3.167000000000000000e+07
3.168000000000000000e+07
3.169000000000000000e+07
3.170000000000000000e+07
3.171000000000000000e+07
3.172000000000000000e+07
3.173000000000000000e+07
3.174000000000000000e+07
3.175000000000000000e+07
3.176000000000000000e+07
3.177000000000000000e+07
3.178000000000000000e+07
3.179000000000000000e+07
3.180000000000000000e+07
3.181000000000000000e+07
3.182000000000000000e+07
3.183000000000000000e+07
3.184000000000000000e+07
3.185000000000000000e+07
3.186000000000000000e+07
3.187000000000000000e+07
3.188000000000000000e+07
3.189000000000000000e+07
3.190000000000000000e+07
3.191000000000000000e+07
3.192000000000000000e+07
3.193000000000000000e+07
3.194000000000000000e+07
3.195000000000000000e+07
3.196000000000000000e+07
3.197000000000000000e+07
3.198000000000000000e+07
3.199000000000000000e+07
3.200000000000000000e+07
3.201000000000000000e+07
3.202000000000000000e+07
3.203000000000000000e+07
3.204000000000000000e+07
3.205000000000000000e+07
3.206000000000000000e+07
3.207000000000000000e+07
3.208000000000000000e+07
3.209000000000000000e+07
3.210000000000000000e+07
3.211000000000000000e+07
3.212000000000000000e+07
3.213000000000000000e+07
3.214000000000000000e+07
3.215000000000000000e+07
3.216000000000000000e+07
3.217000000000000000e+07
3.218000000000000000e+07
3.219000000000000000e+07
3.220000000000000000e+07
3.221000000000000000e+07
3.222000000000000000e+07
3.223000000000000000e+07
3.224000000000000000e+07
3.225000000000000000e+07
3.226000000000000000e+07
3.227000000000000000e+07
3.228000000000000000e+07
3.229000000000000000e+07
3.230000000000000000e+07
3.231000000000000000e+07
3.232000000000000000e+07
3.233000000000000000e+07
3.234000000000000000e+07
3.235000000000000000e+07
3.236000000000000000e+07
3.237000000000000000e+07
3.238000000000000000e+07
3.239000000000000000e+07
3.240000000000000000e+07
3.241000000000000000e+07
3.242000000000000000e+07
3.243000000000000000e+07
3.244000000000000000e+07
3.245000000000000000e+07
3.246000000000000000e+07
3.247000000000000000e+07
3.248000000000000000e+07
3.249000000000000000e+07
3.250000000000000000e+07
3.251000000000000000e+07
3.252000000000000000e+07
3.253000000000000000e+07
3.254000000000000000e+07
3.255000000000000000e+07
3.256000000000000000e+07
3.257000000000000000e+07
3.258000000000000000e+07
3.259000000000000000e+07
