5.115499877929687500e+01
9.143000030517578125e+01
9.401166534423828125e+01
9.509999847412109375e+01
9.574833679199218750e+01
9.633166503906250000e+01
9.669499969482421875e+01
9.694166564941406250e+01
9.709166717529296875e+01
9.726499938964843750e+01
9.744000244140625000e+01
9.753166961669921875e+01
9.762166595458984375e+01
9.768000030517578125e+01
9.781500244140625000e+01
9.787833404541015625e+01
9.791833496093750000e+01
9.804166412353515625e+01
9.806500244140625000e+01
9.811000061035156250e+01
9.815499877929687500e+01
9.816666412353515625e+01
9.826667022705078125e+01
9.831500244140625000e+01
9.830999755859375000e+01
9.833999633789062500e+01
9.842833709716796875e+01
9.844166564941406250e+01
9.847000122070312500e+01
9.844499969482421875e+01
9.846333312988281250e+01
9.850666809082031250e+01
9.858499908447265625e+01
9.857333374023437500e+01
9.861666870117187500e+01
9.864833068847656250e+01
9.865666961669921875e+01
9.871499633789062500e+01
9.868833160400390625e+01
9.873500061035156250e+01
