9.363333702087402344e+00
6.534666442871093750e+01
8.058999633789062500e+01
8.740166473388671875e+01
8.992166900634765625e+01
9.102999877929687500e+01
9.173833465576171875e+01
9.232499694824218750e+01
9.292166900634765625e+01
9.342833709716796875e+01
9.379666900634765625e+01
9.397166442871093750e+01
9.435333251953125000e+01
9.459500122070312500e+01
9.483666992187500000e+01
9.493166351318359375e+01
9.505333709716796875e+01
9.522333526611328125e+01
9.546166992187500000e+01
9.553333282470703125e+01
9.575833129882812500e+01
9.582833099365234375e+01
9.588333129882812500e+01
9.608666992187500000e+01
9.609333038330078125e+01
9.621833038330078125e+01
9.627999877929687500e+01
9.635333251953125000e+01
9.644999694824218750e+01
9.644000244140625000e+01
9.658833312988281250e+01
9.664167022705078125e+01
9.665000152587890625e+01
9.678166961669921875e+01
9.679666900634765625e+01
9.686499786376953125e+01
9.689833068847656250e+01
9.691999816894531250e+01
9.694166564941406250e+01
9.699166870117187500e+01
9.709833526611328125e+01
9.716666412353515625e+01
9.716999816894531250e+01
9.710832977294921875e+01
9.722666931152343750e+01
9.727333068847656250e+01
9.734833526611328125e+01
9.743166351318359375e+01
9.742666625976562500e+01
9.734666442871093750e+01
9.737000274658203125e+01
9.742500305175781250e+01
9.748666381835937500e+01
9.738666534423828125e+01
9.745500183105468750e+01
9.758166503906250000e+01
9.761499786376953125e+01
9.762333679199218750e+01
9.762000274658203125e+01
9.763166809082031250e+01
9.769499969482421875e+01
9.771666717529296875e+01
9.769000244140625000e+01
9.773000335693359375e+01
9.774500274658203125e+01
9.780000305175781250e+01
9.779499816894531250e+01
9.786333465576171875e+01
9.786333465576171875e+01
9.787833404541015625e+01
9.790666961669921875e+01
9.797000122070312500e+01
9.789167022705078125e+01
9.794833374023437500e+01
9.797833251953125000e+01
9.795166778564453125e+01
9.801999664306640625e+01
9.805333709716796875e+01
9.804166412353515625e+01
9.805333709716796875e+01
9.805500030517578125e+01
9.805166625976562500e+01
9.811333465576171875e+01
9.812000274658203125e+01
9.809333038330078125e+01
9.812833404541015625e+01
9.818333435058593750e+01
9.812500000000000000e+01
9.812833404541015625e+01
9.816500091552734375e+01
9.818166351318359375e+01
9.825499725341796875e+01
9.830500030517578125e+01
9.827666473388671875e+01
9.829333496093750000e+01
9.827666473388671875e+01
9.822666931152343750e+01
9.825166320800781250e+01
9.826166534423828125e+01
9.835500335693359375e+01
9.831500244140625000e+01
9.829499816894531250e+01
9.833833312988281250e+01
9.834999847412109375e+01
9.836333465576171875e+01
9.837333679199218750e+01
9.840833282470703125e+01
9.839499664306640625e+01
9.838833618164062500e+01
9.843333435058593750e+01
9.843499755859375000e+01
9.843833160400390625e+01
9.850666809082031250e+01
9.848666381835937500e+01
9.848666381835937500e+01
9.852500152587890625e+01
9.852333068847656250e+01
9.852666473388671875e+01
9.856833648681640625e+01
9.853500366210937500e+01
9.855333709716796875e+01
9.854166412353515625e+01
9.860166931152343750e+01
9.857166290283203125e+01
9.858833312988281250e+01
9.858499908447265625e+01
9.857499694824218750e+01
9.860166931152343750e+01
9.859833526611328125e+01
9.861666870117187500e+01
9.862833404541015625e+01
9.865666961669921875e+01
9.862500000000000000e+01
9.866999816894531250e+01
9.872000122070312500e+01
9.867500305175781250e+01
9.868333435058593750e+01
9.873166656494140625e+01
9.873332977294921875e+01
9.872166442871093750e+01
9.875333404541015625e+01
9.876499938964843750e+01
9.877833557128906250e+01
9.873166656494140625e+01
9.879000091552734375e+01
9.877500152587890625e+01
9.873166656494140625e+01
9.876333618164062500e+01
9.879000091552734375e+01
9.878833007812500000e+01
9.877833557128906250e+01
9.879499816894531250e+01
9.878500366210937500e+01
9.880666351318359375e+01
9.879666900634765625e+01
9.879666900634765625e+01
9.881333160400390625e+01
9.883166503906250000e+01
9.881999969482421875e+01
9.883999633789062500e+01
9.883666992187500000e+01
9.883999633789062500e+01
9.883166503906250000e+01
9.883000183105468750e+01
9.886833190917968750e+01
9.886333465576171875e+01
9.885832977294921875e+01
9.888666534423828125e+01
9.887999725341796875e+01
9.887500000000000000e+01
9.887666320800781250e+01
9.888999938964843750e+01
9.888166809082031250e+01
9.888833618164062500e+01
9.892333221435546875e+01
9.891333007812500000e+01
9.894666290283203125e+01
9.894333648681640625e+01
9.894333648681640625e+01
9.891666412353515625e+01
9.893000030517578125e+01
9.893833160400390625e+01
9.891666412353515625e+01
9.895333099365234375e+01
9.892666625976562500e+01
9.891999816894531250e+01
9.891999816894531250e+01
9.893333435058593750e+01
9.892500305175781250e+01
9.893499755859375000e+01
9.895666503906250000e+01
9.894166564941406250e+01
9.898000335693359375e+01
9.897499847412109375e+01
9.895333099365234375e+01
9.900333404541015625e+01
9.900833129882812500e+01
9.898000335693359375e+01
9.899333190917968750e+01
9.899333190917968750e+01
9.898166656494140625e+01
9.899666595458984375e+01
9.899333190917968750e+01
9.897000122070312500e+01
9.900666809082031250e+01
9.901333618164062500e+01
9.899833679199218750e+01
9.901166534423828125e+01
9.900166320800781250e+01
9.901333618164062500e+01
9.898833465576171875e+01
9.903833007812500000e+01
9.902833557128906250e+01
9.904666900634765625e+01
9.906500244140625000e+01
9.906999969482421875e+01
9.904833221435546875e+01
9.904166412353515625e+01
9.904833221435546875e+01
9.905666351318359375e+01
9.906999969482421875e+01
9.901999664306640625e+01
9.906333160400390625e+01
9.904499816894531250e+01
9.904666900634765625e+01
9.908333587646484375e+01
9.910166931152343750e+01
9.909333038330078125e+01
9.911166381835937500e+01
9.907333374023437500e+01
9.910166931152343750e+01
9.908333587646484375e+01
9.914167022705078125e+01
9.912000274658203125e+01
9.912166595458984375e+01
9.912666320800781250e+01
9.912666320800781250e+01
9.912999725341796875e+01
9.913166809082031250e+01
9.914167022705078125e+01
9.913833618164062500e+01
9.914167022705078125e+01
9.911666870117187500e+01
9.912500000000000000e+01
9.913999938964843750e+01
9.914666748046875000e+01
9.914167022705078125e+01
9.914167022705078125e+01
9.912833404541015625e+01
9.915333557128906250e+01
