2.975833320617675781e+01
7.183333587646484375e+01
8.120500183105468750e+01
8.588500213623046875e+01
8.772666931152343750e+01
8.909833526611328125e+01
9.065333557128906250e+01
9.142666625976562500e+01
9.199166870117187500e+01
9.245833587646484375e+01
9.284500122070312500e+01
9.305166625976562500e+01
9.355166625976562500e+01
9.380000305175781250e+01
9.395333099365234375e+01
9.422166442871093750e+01
9.438666534423828125e+01
9.454833221435546875e+01
9.477666473388671875e+01
9.486000061035156250e+01
9.509166717529296875e+01
9.516000366210937500e+01
9.535333251953125000e+01
9.537500000000000000e+01
9.547000122070312500e+01
9.568000030517578125e+01
9.572166442871093750e+01
9.580166625976562500e+01
9.586166381835937500e+01
9.597666931152343750e+01
9.608333587646484375e+01
9.611000061035156250e+01
9.626499938964843750e+01
9.627333068847656250e+01
9.636000061035156250e+01
9.640666961669921875e+01
9.644166564941406250e+01
9.652333068847656250e+01
9.659500122070312500e+01
9.665499877929687500e+01
9.669499969482421875e+01
9.679666900634765625e+01
9.679833221435546875e+01
9.689167022705078125e+01
9.693666839599609375e+01
9.693166351318359375e+01
9.700166320800781250e+01
9.709166717529296875e+01
9.704499816894531250e+01
9.713666534423828125e+01
9.717833709716796875e+01
9.717500305175781250e+01
9.725833129882812500e+01
9.730666351318359375e+01
9.734333038330078125e+01
9.732666778564453125e+01
9.733333587646484375e+01
9.739333343505859375e+01
9.743666839599609375e+01
9.746333312988281250e+01
9.752666473388671875e+01
9.755999755859375000e+01
9.754333496093750000e+01
9.761000061035156250e+01
9.760832977294921875e+01
9.760666656494140625e+01
9.764333343505859375e+01
9.767333221435546875e+01
9.769000244140625000e+01
9.770833587646484375e+01
9.770666503906250000e+01
9.779000091552734375e+01
9.780666351318359375e+01
9.780166625976562500e+01
9.782333374023437500e+01
9.780666351318359375e+01
9.787000274658203125e+01
9.786166381835937500e+01
9.788333129882812500e+01
9.790000152587890625e+01
9.791666412353515625e+01
9.794333648681640625e+01
9.798833465576171875e+01
9.797000122070312500e+01
9.799833679199218750e+01
9.799500274658203125e+01
9.801000213623046875e+01
9.801333618164062500e+01
9.801667022705078125e+01
9.806333160400390625e+01
9.802500152587890625e+01
9.807833099365234375e+01
9.809166717529296875e+01
9.808833312988281250e+01
9.813166809082031250e+01
9.815499877929687500e+01
9.813166809082031250e+01
9.816333007812500000e+01
9.818833160400390625e+01
9.817666625976562500e+01
9.819499969482421875e+01
9.820166778564453125e+01
9.820666503906250000e+01
9.819666290283203125e+01
9.823999786376953125e+01
9.826999664306640625e+01
9.830166625976562500e+01
9.827500152587890625e+01
9.827500152587890625e+01
9.829499816894531250e+01
9.832333374023437500e+01
9.832499694824218750e+01
9.831999969482421875e+01
9.832333374023437500e+01
9.834333038330078125e+01
9.836166381835937500e+01
9.836166381835937500e+01
9.836666870117187500e+01
9.837166595458984375e+01
9.838666534423828125e+01
9.837500000000000000e+01
9.841166687011718750e+01
9.841666412353515625e+01
9.842333221435546875e+01
9.840166473388671875e+01
9.841666412353515625e+01
9.843833160400390625e+01
9.847166442871093750e+01
9.848000335693359375e+01
9.844999694824218750e+01
9.848666381835937500e+01
9.845500183105468750e+01
9.851000213623046875e+01
9.848666381835937500e+01
9.847666931152343750e+01
9.853500366210937500e+01
9.853666687011718750e+01
9.853333282470703125e+01
9.852500152587890625e+01
9.850833129882812500e+01
9.857666778564453125e+01
9.850666809082031250e+01
9.857499694824218750e+01
9.858833312988281250e+01
9.858166503906250000e+01
9.859333038330078125e+01
9.859333038330078125e+01
9.860666656494140625e+01
9.860166931152343750e+01
9.862000274658203125e+01
9.862666320800781250e+01
9.861833190917968750e+01
9.864167022705078125e+01
9.866333007812500000e+01
9.865166473388671875e+01
9.864833068847656250e+01
9.869499969482421875e+01
9.868166351318359375e+01
9.869333648681640625e+01
9.863500213623046875e+01
9.869499969482421875e+01
9.868000030517578125e+01
9.870166778564453125e+01
9.870500183105468750e+01
9.869833374023437500e+01
9.867833709716796875e+01
9.870500183105468750e+01
9.873999786376953125e+01
9.873500061035156250e+01
9.873166656494140625e+01
9.873666381835937500e+01
9.875000000000000000e+01
9.874500274658203125e+01
9.876333618164062500e+01
9.874500274658203125e+01
9.875833129882812500e+01
9.874666595458984375e+01
9.872833251953125000e+01
9.875666809082031250e+01
9.875499725341796875e+01
9.878666687011718750e+01
9.875499725341796875e+01
9.875333404541015625e+01
9.873000335693359375e+01
9.875499725341796875e+01
9.880333709716796875e+01
9.880999755859375000e+01
9.879333496093750000e+01
9.880500030517578125e+01
9.874833679199218750e+01
9.879000091552734375e+01
9.876667022705078125e+01
9.880833435058593750e+01
9.880333709716796875e+01
9.883166503906250000e+01
9.880000305175781250e+01
9.880833435058593750e+01
9.882666778564453125e+01
9.883666992187500000e+01
9.884500122070312500e+01
9.884500122070312500e+01
9.883999633789062500e+01
9.886166381835937500e+01
9.885666656494140625e+01
9.886000061035156250e+01
9.888166809082031250e+01
9.887500000000000000e+01
9.886333465576171875e+01
9.885832977294921875e+01
9.887500000000000000e+01
9.885666656494140625e+01
9.890666961669921875e+01
9.888333129882812500e+01
9.888166809082031250e+01
9.883666992187500000e+01
9.887666320800781250e+01
9.887999725341796875e+01
9.888666534423828125e+01
9.886666870117187500e+01
9.887500000000000000e+01
9.886833190917968750e+01
9.888500213623046875e+01
9.889333343505859375e+01
9.891500091552734375e+01
9.887000274658203125e+01
9.887500000000000000e+01
9.891500091552734375e+01
9.888666534423828125e+01
9.890333557128906250e+01
9.890166473388671875e+01
9.889167022705078125e+01
9.885832977294921875e+01
9.892333221435546875e+01
9.887999725341796875e+01
9.890000152587890625e+01
9.891500091552734375e+01
9.889499664306640625e+01
9.892166900634765625e+01
9.891166687011718750e+01
9.892166900634765625e+01
9.892500305175781250e+01
9.892500305175781250e+01
9.894166564941406250e+01
9.894000244140625000e+01
9.896499633789062500e+01
9.894999694824218750e+01
9.895333099365234375e+01
9.891666412353515625e+01
9.893333435058593750e+01
9.898500061035156250e+01
9.895166778564453125e+01
9.896666717529296875e+01
9.898332977294921875e+01
9.895999908447265625e+01
9.897333526611328125e+01
9.898666381835937500e+01
9.898999786376953125e+01
9.898666381835937500e+01
9.897000122070312500e+01
9.898166656494140625e+01
9.901166534423828125e+01
9.899833679199218750e+01
9.900833129882812500e+01
9.900166320800781250e+01
9.900333404541015625e+01
9.899500274658203125e+01
9.901166534423828125e+01
9.898500061035156250e+01
9.898332977294921875e+01
9.903333282470703125e+01
9.905000305175781250e+01
9.905500030517578125e+01
9.904333496093750000e+01
9.902666473388671875e+01
9.903833007812500000e+01
9.904666900634765625e+01
9.901166534423828125e+01
9.901999664306640625e+01
9.901166534423828125e+01
9.902500152587890625e+01
9.902999877929687500e+01
9.904833221435546875e+01
9.903333282470703125e+01
9.903833007812500000e+01
9.904833221435546875e+01
9.904833221435546875e+01
9.904833221435546875e+01
9.906500244140625000e+01
9.907499694824218750e+01
9.905999755859375000e+01
9.906999969482421875e+01
9.905833435058593750e+01
9.905999755859375000e+01
9.906166839599609375e+01
9.901999664306640625e+01
9.908833312988281250e+01
9.906500244140625000e+01
9.905666351318359375e+01
9.906833648681640625e+01
9.905833435058593750e+01
9.905666351318359375e+01
9.906833648681640625e+01
9.909166717529296875e+01
9.910666656494140625e+01
9.908000183105468750e+01
9.910333251953125000e+01
9.909333038330078125e+01
9.910333251953125000e+01
9.911333465576171875e+01
9.908499908447265625e+01
9.907499694824218750e+01
9.908833312988281250e+01
9.908666992187500000e+01
9.911166381835937500e+01
9.911000061035156250e+01
9.912166595458984375e+01
9.911000061035156250e+01
9.909333038330078125e+01
9.912000274658203125e+01
9.912500000000000000e+01
9.911333465576171875e+01
9.912166595458984375e+01
9.913333129882812500e+01
9.911333465576171875e+01
9.913999938964843750e+01
9.913999938964843750e+01
9.914333343505859375e+01
9.914499664306640625e+01
9.913500213623046875e+01
9.909666442871093750e+01
9.916666412353515625e+01
9.913833618164062500e+01
9.912833404541015625e+01
9.912833404541015625e+01
9.914499664306640625e+01
9.914666748046875000e+01
9.914666748046875000e+01
9.917166900634765625e+01
9.915166473388671875e+01
9.915499877929687500e+01
9.919499969482421875e+01
9.918166351318359375e+01
9.916833496093750000e+01
9.917333221435546875e+01
9.913999938964843750e+01
9.916500091552734375e+01
9.914167022705078125e+01
9.918000030517578125e+01
9.916166687011718750e+01
9.916666412353515625e+01
9.917833709716796875e+01
9.916833496093750000e+01
9.916500091552734375e+01
9.914666748046875000e+01
9.917333221435546875e+01
9.918166351318359375e+01
9.916666412353515625e+01
9.917833709716796875e+01
9.919833374023437500e+01
9.918166351318359375e+01
9.916000366210937500e+01
9.919166564941406250e+01
9.919166564941406250e+01
9.919166564941406250e+01
9.920333099365234375e+01
9.919999694824218750e+01
9.919833374023437500e+01
9.919000244140625000e+01
9.917833709716796875e+01
9.916666412353515625e+01
9.921333312988281250e+01
9.920333099365234375e+01
9.921499633789062500e+01
9.920500183105468750e+01
9.922333526611328125e+01
9.921499633789062500e+01
9.921166992187500000e+01
9.923666381835937500e+01
9.924166870117187500e+01
9.923999786376953125e+01
9.922833251953125000e+01
9.923000335693359375e+01
9.925333404541015625e+01
9.922000122070312500e+01
9.919833374023437500e+01
9.923166656494140625e+01
9.923332977294921875e+01
9.921833038330078125e+01
9.923000335693359375e+01
9.923833465576171875e+01
9.920833587646484375e+01
9.923000335693359375e+01
9.923000335693359375e+01
9.920500183105468750e+01
9.923500061035156250e+01
9.923000335693359375e+01
9.922499847412109375e+01
9.924666595458984375e+01
9.925499725341796875e+01
9.925499725341796875e+01
9.922499847412109375e+01
9.923833465576171875e+01
9.923166656494140625e+01
9.924833679199218750e+01
9.925833129882812500e+01
9.926000213623046875e+01
9.927333068847656250e+01
9.923500061035156250e+01
9.921166992187500000e+01
9.925833129882812500e+01
9.926166534423828125e+01
9.925166320800781250e+01
9.925833129882812500e+01
9.926166534423828125e+01
9.928500366210937500e+01
9.926333618164062500e+01
9.927333068847656250e+01
9.926833343505859375e+01
9.923500061035156250e+01
9.925833129882812500e+01
9.927500152587890625e+01
9.927833557128906250e+01
9.926999664306640625e+01
9.929000091552734375e+01
9.929000091552734375e+01
9.928333282470703125e+01
9.925666809082031250e+01
9.929000091552734375e+01
9.928166961669921875e+01
9.928333282470703125e+01
9.926999664306640625e+01
9.925499725341796875e+01
9.928333282470703125e+01
9.928666687011718750e+01
9.930333709716796875e+01
9.928500366210937500e+01
9.928500366210937500e+01
9.930500030517578125e+01
9.930166625976562500e+01
9.930000305175781250e+01
9.926999664306640625e+01
9.928500366210937500e+01
9.929833221435546875e+01
9.927833557128906250e+01
9.930000305175781250e+01
9.930166625976562500e+01
9.930000305175781250e+01
9.929166412353515625e+01
9.926833343505859375e+01
9.926999664306640625e+01
9.930000305175781250e+01
9.930833435058593750e+01
9.930166625976562500e+01
9.929666900634765625e+01
9.931999969482421875e+01
9.929166412353515625e+01
9.928500366210937500e+01
9.930500030517578125e+01
9.930166625976562500e+01
9.930666351318359375e+01
9.930500030517578125e+01
9.933333587646484375e+01
9.932833099365234375e+01
9.930833435058593750e+01
9.933499908447265625e+01
9.932833099365234375e+01
9.931999969482421875e+01
9.932833099365234375e+01
9.931166839599609375e+01
9.933000183105468750e+01
9.929833221435546875e+01
9.932666778564453125e+01
9.933666992187500000e+01
9.934166717529296875e+01
9.931833648681640625e+01
9.933833312988281250e+01
9.930999755859375000e+01
9.931833648681640625e+01
9.931666564941406250e+01
9.932166290283203125e+01
9.929333496093750000e+01
9.931999969482421875e+01
9.933666992187500000e+01
9.933833312988281250e+01
9.931333160400390625e+01
9.932166290283203125e+01
9.933333587646484375e+01
9.930166625976562500e+01
9.930999755859375000e+01
9.932333374023437500e+01
9.934666442871093750e+01
9.933999633789062500e+01
9.932666778564453125e+01
9.931999969482421875e+01
9.931999969482421875e+01
9.933999633789062500e+01
9.936333465576171875e+01
9.933833312988281250e+01
9.937500000000000000e+01
9.935166931152343750e+01
9.935666656494140625e+01
9.936000061035156250e+01
9.933666992187500000e+01
9.936000061035156250e+01
9.936666870117187500e+01
9.935666656494140625e+01
9.937333679199218750e+01
9.935832977294921875e+01
9.937333679199218750e+01
9.937333679199218750e+01
9.939333343505859375e+01
9.935666656494140625e+01
9.937833404541015625e+01
9.936666870117187500e+01
9.940666961669921875e+01
9.937833404541015625e+01
9.935500335693359375e+01
9.939333343505859375e+01
9.938166809082031250e+01
9.937833404541015625e+01
9.938833618164062500e+01
9.937666320800781250e+01
9.936833190917968750e+01
9.937166595458984375e+01
9.937666320800781250e+01
9.938166809082031250e+01
9.939499664306640625e+01
9.940833282470703125e+01
9.939666748046875000e+01
9.940000152587890625e+01
9.938833618164062500e+01
9.938666534423828125e+01
9.939333343505859375e+01
9.939333343505859375e+01
9.938166809082031250e+01
9.940000152587890625e+01
9.940499877929687500e+01
9.940000152587890625e+01
9.940166473388671875e+01
9.942333221435546875e+01
9.939167022705078125e+01
9.941333007812500000e+01
9.941833496093750000e+01
9.941166687011718750e+01
9.941500091552734375e+01
9.941000366210937500e+01
9.940000152587890625e+01
9.938833618164062500e+01
9.937833404541015625e+01
9.936000061035156250e+01
9.939666748046875000e+01
9.940499877929687500e+01
9.942333221435546875e+01
9.940666961669921875e+01
9.937833404541015625e+01
9.939666748046875000e+01
9.941833496093750000e+01
9.941500091552734375e+01
9.940499877929687500e+01
9.943333435058593750e+01
9.939666748046875000e+01
9.935333251953125000e+01
9.939333343505859375e+01
9.941500091552734375e+01
9.941999816894531250e+01
9.938666534423828125e+01
9.940333557128906250e+01
9.941333007812500000e+01
9.939333343505859375e+01
9.940000152587890625e+01
9.940166473388671875e+01
9.940833282470703125e+01
9.940000152587890625e+01
9.938500213623046875e+01
9.941500091552734375e+01
9.939499664306640625e+01
9.941833496093750000e+01
9.943833160400390625e+01
9.943166351318359375e+01
9.942833709716796875e+01
9.943166351318359375e+01
9.944000244140625000e+01
9.944666290283203125e+01
9.941999816894531250e+01
9.944333648681640625e+01
9.941500091552734375e+01
9.944333648681640625e+01
9.941333007812500000e+01
9.942166900634765625e+01
9.941833496093750000e+01
9.943833160400390625e+01
9.943166351318359375e+01
9.944000244140625000e+01
9.944333648681640625e+01
9.940666961669921875e+01
9.942833709716796875e+01
9.941999816894531250e+01
9.942333221435546875e+01
9.944000244140625000e+01
9.943833160400390625e+01
9.945666503906250000e+01
9.944166564941406250e+01
9.942500305175781250e+01
9.946499633789062500e+01
9.944666290283203125e+01
9.942333221435546875e+01
9.943833160400390625e+01
9.943666839599609375e+01
9.945833587646484375e+01
9.943833160400390625e+01
9.942500305175781250e+01
9.941666412353515625e+01
9.941999816894531250e+01
9.943333435058593750e+01
9.942500305175781250e+01
9.942666625976562500e+01
9.941999816894531250e+01
9.941333007812500000e+01
9.943833160400390625e+01
9.941333007812500000e+01
9.943833160400390625e+01
9.943833160400390625e+01
9.943000030517578125e+01
9.941666412353515625e+01
9.945833587646484375e+01
9.945999908447265625e+01
9.944166564941406250e+01
9.944833374023437500e+01
9.944833374023437500e+01
9.946166992187500000e+01
9.945999908447265625e+01
9.945333099365234375e+01
9.948166656494140625e+01
9.945833587646484375e+01
9.947499847412109375e+01
9.946166992187500000e+01
9.947166442871093750e+01
9.946333312988281250e+01
9.946499633789062500e+01
9.946666717529296875e+01
9.948666381835937500e+01
9.947333526611328125e+01
9.946499633789062500e+01
9.946833038330078125e+01
9.946666717529296875e+01
9.945166778564453125e+01
9.945999908447265625e+01
9.945333099365234375e+01
9.948833465576171875e+01
9.947166442871093750e+01
9.945666503906250000e+01
9.945666503906250000e+01
9.948500061035156250e+01
9.945666503906250000e+01
9.945999908447265625e+01
9.943666839599609375e+01
9.948500061035156250e+01
9.948332977294921875e+01
9.948500061035156250e+01
9.948666381835937500e+01
9.948332977294921875e+01
9.945333099365234375e+01
9.949333190917968750e+01
9.944833374023437500e+01
9.948000335693359375e+01
9.945666503906250000e+01
9.947499847412109375e+01
9.947499847412109375e+01
9.945333099365234375e+01
9.948000335693359375e+01
9.947000122070312500e+01
9.946666717529296875e+01
9.946666717529296875e+01
9.950000000000000000e+01
9.947333526611328125e+01
9.949833679199218750e+01
9.948500061035156250e+01
9.949166870117187500e+01
9.947499847412109375e+01
9.949333190917968750e+01
9.950333404541015625e+01
9.948999786376953125e+01
9.949500274658203125e+01
9.950833129882812500e+01
9.951667022705078125e+01
9.949500274658203125e+01
9.951833343505859375e+01
9.948999786376953125e+01
9.947666931152343750e+01
9.951000213623046875e+01
9.950000000000000000e+01
9.951166534423828125e+01
9.950166320800781250e+01
9.949333190917968750e+01
9.950000000000000000e+01
9.948166656494140625e+01
9.949666595458984375e+01
9.948999786376953125e+01
9.949500274658203125e+01
9.948666381835937500e+01
9.948166656494140625e+01
9.948166656494140625e+01
9.948833465576171875e+01
9.948833465576171875e+01
9.948332977294921875e+01
9.949500274658203125e+01
9.949333190917968750e+01
9.949333190917968750e+01
9.948833465576171875e+01
9.950000000000000000e+01
9.950499725341796875e+01
9.950833129882812500e+01
9.949833679199218750e+01
9.951999664306640625e+01
9.950333404541015625e+01
9.951000213623046875e+01
9.949500274658203125e+01
9.949666595458984375e+01
9.948999786376953125e+01
9.949833679199218750e+01
9.950833129882812500e+01
9.949500274658203125e+01
9.948999786376953125e+01
9.951166534423828125e+01
9.950166320800781250e+01
9.952666473388671875e+01
9.951999664306640625e+01
9.951166534423828125e+01
9.952166748046875000e+01
9.951000213623046875e+01
9.952666473388671875e+01
9.949333190917968750e+01
9.950833129882812500e+01
9.949166870117187500e+01
9.951667022705078125e+01
9.949666595458984375e+01
9.950833129882812500e+01
9.951333618164062500e+01
9.952833557128906250e+01
9.950833129882812500e+01
9.952999877929687500e+01
9.953500366210937500e+01
9.951333618164062500e+01
9.951166534423828125e+01
9.951166534423828125e+01
9.950333404541015625e+01
9.951999664306640625e+01
9.952833557128906250e+01
9.951499938964843750e+01
9.951000213623046875e+01
9.950833129882812500e+01
9.950333404541015625e+01
9.950166320800781250e+01
9.950000000000000000e+01
9.953500366210937500e+01
9.951166534423828125e+01
9.952333068847656250e+01
9.951000213623046875e+01
9.952166748046875000e+01
9.950833129882812500e+01
9.952833557128906250e+01
9.951999664306640625e+01
9.952166748046875000e+01
9.951833343505859375e+01
9.951833343505859375e+01
9.953833007812500000e+01
9.950166320800781250e+01
9.951999664306640625e+01
9.952333068847656250e+01
9.953500366210937500e+01
9.951999664306640625e+01
9.951499938964843750e+01
9.951667022705078125e+01
9.952666473388671875e+01
9.951667022705078125e+01
9.949666595458984375e+01
9.951833343505859375e+01
9.951999664306640625e+01
9.952166748046875000e+01
9.953666687011718750e+01
9.952333068847656250e+01
9.951333618164062500e+01
9.949333190917968750e+01
9.951667022705078125e+01
9.951833343505859375e+01
9.951833343505859375e+01
9.951499938964843750e+01
9.952333068847656250e+01
9.953166961669921875e+01
9.951999664306640625e+01
9.953500366210937500e+01
9.951166534423828125e+01
9.952500152587890625e+01
9.952166748046875000e+01
9.952333068847656250e+01
9.952833557128906250e+01
9.953333282470703125e+01
9.952500152587890625e+01
9.952999877929687500e+01
9.952166748046875000e+01
9.953833007812500000e+01
9.952666473388671875e+01
9.954499816894531250e+01
9.954000091552734375e+01
9.952500152587890625e+01
9.951999664306640625e+01
9.954333496093750000e+01
9.952333068847656250e+01
9.951499938964843750e+01
9.951833343505859375e+01
9.954000091552734375e+01
9.953833007812500000e+01
9.953500366210937500e+01
9.954666900634765625e+01
9.952333068847656250e+01
9.951333618164062500e+01
9.951999664306640625e+01
9.953500366210937500e+01
9.954166412353515625e+01
9.954166412353515625e+01
9.951166534423828125e+01
9.951333618164062500e+01
9.951499938964843750e+01
9.953833007812500000e+01
9.951999664306640625e+01
9.953666687011718750e+01
9.951833343505859375e+01
9.952999877929687500e+01
9.951333618164062500e+01
9.953666687011718750e+01
9.951667022705078125e+01
9.952166748046875000e+01
9.952666473388671875e+01
9.952333068847656250e+01
9.952333068847656250e+01
9.950666809082031250e+01
9.952999877929687500e+01
9.953166961669921875e+01
9.952999877929687500e+01
9.952166748046875000e+01
9.955666351318359375e+01
9.953333282470703125e+01
9.954333496093750000e+01
9.952333068847656250e+01
9.955333709716796875e+01
9.955666351318359375e+01
9.952666473388671875e+01
9.954666900634765625e+01
9.952666473388671875e+01
9.952500152587890625e+01
9.952999877929687500e+01
9.951000213623046875e+01
9.953833007812500000e+01
9.953833007812500000e+01
9.953500366210937500e+01
9.954333496093750000e+01
9.953333282470703125e+01
9.953333282470703125e+01
9.955833435058593750e+01
9.953666687011718750e+01
9.954333496093750000e+01
9.954666900634765625e+01
9.955166625976562500e+01
9.955833435058593750e+01
9.955166625976562500e+01
9.956999969482421875e+01
9.956500244140625000e+01
9.955166625976562500e+01
9.954333496093750000e+01
9.955166625976562500e+01
9.955333709716796875e+01
9.955333709716796875e+01
9.956333160400390625e+01
9.956666564941406250e+01
9.957833099365234375e+01
9.957499694824218750e+01
9.958166503906250000e+01
9.956666564941406250e+01
9.956999969482421875e+01
9.960500335693359375e+01
9.956333160400390625e+01
9.956833648681640625e+01
9.957499694824218750e+01
9.956333160400390625e+01
9.958333587646484375e+01
9.955666351318359375e+01
9.957166290283203125e+01
9.956500244140625000e+01
9.955666351318359375e+01
9.956666564941406250e+01
9.957166290283203125e+01
9.956166839599609375e+01
9.956999969482421875e+01
9.958666992187500000e+01
9.958499908447265625e+01
9.958333587646484375e+01
9.955333709716796875e+01
9.956500244140625000e+01
9.957166290283203125e+01
9.956833648681640625e+01
9.956333160400390625e+01
9.957333374023437500e+01
9.954333496093750000e+01
9.958000183105468750e+01
9.958000183105468750e+01
9.958000183105468750e+01
9.956666564941406250e+01
9.959333038330078125e+01
9.957166290283203125e+01
9.957166290283203125e+01
9.956666564941406250e+01
9.958333587646484375e+01
9.956666564941406250e+01
9.958833312988281250e+01
9.957833099365234375e+01
9.959833526611328125e+01
9.959666442871093750e+01
9.960832977294921875e+01
9.959666442871093750e+01
9.959333038330078125e+01
9.959500122070312500e+01
9.960166931152343750e+01
9.959333038330078125e+01
9.959999847412109375e+01
9.961499786376953125e+01
9.959500122070312500e+01
9.958833312988281250e+01
9.959833526611328125e+01
9.959500122070312500e+01
9.960832977294921875e+01
9.960166931152343750e+01
9.957666778564453125e+01
9.957499694824218750e+01
9.957833099365234375e+01
9.956666564941406250e+01
9.957499694824218750e+01
9.958499908447265625e+01
9.958000183105468750e+01
9.956999969482421875e+01
9.957833099365234375e+01
9.958166503906250000e+01
9.958166503906250000e+01
9.958166503906250000e+01
9.961833190917968750e+01
9.959666442871093750e+01
9.960666656494140625e+01
9.960666656494140625e+01
9.961666870117187500e+01
9.961333465576171875e+01
9.962333679199218750e+01
9.961833190917968750e+01
9.961333465576171875e+01
9.959999847412109375e+01
9.958000183105468750e+01
9.960832977294921875e+01
9.959999847412109375e+01
9.959666442871093750e+01
9.959999847412109375e+01
9.960500335693359375e+01
9.959833526611328125e+01
9.958999633789062500e+01
9.960500335693359375e+01
9.960500335693359375e+01
9.961666870117187500e+01
9.961833190917968750e+01
9.961166381835937500e+01
9.958999633789062500e+01
9.961333465576171875e+01
9.959333038330078125e+01
9.961166381835937500e+01
9.960832977294921875e+01
9.961166381835937500e+01
9.960832977294921875e+01
9.961499786376953125e+01
9.962000274658203125e+01
9.961499786376953125e+01
9.963333129882812500e+01
9.962000274658203125e+01
9.960333251953125000e+01
9.961333465576171875e+01
9.960832977294921875e+01
9.958666992187500000e+01
9.960832977294921875e+01
9.959833526611328125e+01
9.962500000000000000e+01
9.962500000000000000e+01
9.961166381835937500e+01
9.961499786376953125e+01
9.961000061035156250e+01
9.959500122070312500e+01
9.959166717529296875e+01
9.962500000000000000e+01
9.961666870117187500e+01
9.961166381835937500e+01
9.962333679199218750e+01
9.963166809082031250e+01
9.960500335693359375e+01
9.961333465576171875e+01
9.960166931152343750e+01
9.959833526611328125e+01
9.961000061035156250e+01
9.962500000000000000e+01
9.962000274658203125e+01
9.963833618164062500e+01
9.962833404541015625e+01
9.962000274658203125e+01
9.962500000000000000e+01
9.960500335693359375e+01
9.960166931152343750e+01
9.959999847412109375e+01
9.960500335693359375e+01
9.963166809082031250e+01
9.963166809082031250e+01
9.962333679199218750e+01
9.960500335693359375e+01
9.961666870117187500e+01
9.962000274658203125e+01
9.960166931152343750e+01
9.962166595458984375e+01
9.960832977294921875e+01
9.960832977294921875e+01
9.962666320800781250e+01
9.962333679199218750e+01
9.962999725341796875e+01
9.962000274658203125e+01
9.962999725341796875e+01
9.963500213623046875e+01
9.964499664306640625e+01
9.962000274658203125e+01
9.961333465576171875e+01
9.961000061035156250e+01
9.961000061035156250e+01
9.960666656494140625e+01
9.962999725341796875e+01
9.962333679199218750e+01
9.962500000000000000e+01
9.961666870117187500e+01
9.962999725341796875e+01
9.962500000000000000e+01
9.962166595458984375e+01
9.962666320800781250e+01
9.962500000000000000e+01
9.960832977294921875e+01
9.959333038330078125e+01
9.962500000000000000e+01
9.961166381835937500e+01
9.963333129882812500e+01
9.962500000000000000e+01
9.960666656494140625e+01
9.962666320800781250e+01
9.962000274658203125e+01
9.961666870117187500e+01
9.963500213623046875e+01
9.961666870117187500e+01
9.964333343505859375e+01
9.962666320800781250e+01
9.962333679199218750e+01
9.962500000000000000e+01
9.963166809082031250e+01
9.962333679199218750e+01
9.963666534423828125e+01
9.962333679199218750e+01
9.962333679199218750e+01
9.962833404541015625e+01
9.962833404541015625e+01
9.962666320800781250e+01
9.962666320800781250e+01
9.961666870117187500e+01
9.962666320800781250e+01
9.962999725341796875e+01
9.963166809082031250e+01
9.961333465576171875e+01
9.961166381835937500e+01
9.962999725341796875e+01
9.961000061035156250e+01
9.963500213623046875e+01
9.963666534423828125e+01
9.961499786376953125e+01
9.962500000000000000e+01
9.963500213623046875e+01
9.962333679199218750e+01
9.962999725341796875e+01
9.964499664306640625e+01
9.962833404541015625e+01
9.962999725341796875e+01
9.963999938964843750e+01
9.964666748046875000e+01
9.963666534423828125e+01
9.963999938964843750e+01
9.963333129882812500e+01
9.965333557128906250e+01
9.965000152587890625e+01
9.964833068847656250e+01
9.965666961669921875e+01
9.964666748046875000e+01
9.964167022705078125e+01
9.963333129882812500e+01
9.964333343505859375e+01
9.962833404541015625e+01
9.965166473388671875e+01
9.965166473388671875e+01
9.965666961669921875e+01
9.965333557128906250e+01
9.964833068847656250e+01
9.963999938964843750e+01
9.964167022705078125e+01
9.965000152587890625e+01
9.963833618164062500e+01
9.964167022705078125e+01
9.962166595458984375e+01
9.965166473388671875e+01
9.963500213623046875e+01
9.965166473388671875e+01
9.964833068847656250e+01
9.963666534423828125e+01
9.965166473388671875e+01
9.963999938964843750e+01
9.959833526611328125e+01
9.963333129882812500e+01
9.964833068847656250e+01
9.965833282470703125e+01
9.967500305175781250e+01
9.965166473388671875e+01
9.966833496093750000e+01
9.964333343505859375e+01
9.963333129882812500e+01
9.966166687011718750e+01
9.963999938964843750e+01
9.964333343505859375e+01
9.966000366210937500e+01
9.964666748046875000e+01
9.966333007812500000e+01
9.964499664306640625e+01
9.966999816894531250e+01
9.965666961669921875e+01
9.964666748046875000e+01
9.965166473388671875e+01
9.968000030517578125e+01
9.967833709716796875e+01
9.967333221435546875e+01
9.966333007812500000e+01
9.965666961669921875e+01
9.966500091552734375e+01
9.966833496093750000e+01
9.962333679199218750e+01
9.967166900634765625e+01
9.963999938964843750e+01
9.966500091552734375e+01
9.966666412353515625e+01
9.966999816894531250e+01
9.966000366210937500e+01
9.966833496093750000e+01
9.967500305175781250e+01
9.966500091552734375e+01
9.965666961669921875e+01
9.967333221435546875e+01
9.963666534423828125e+01
9.966999816894531250e+01
9.966000366210937500e+01
9.966166687011718750e+01
9.964167022705078125e+01
9.963999938964843750e+01
9.965333557128906250e+01
9.964666748046875000e+01
9.968666839599609375e+01
9.968333435058593750e+01
9.969499969482421875e+01
9.967166900634765625e+01
9.965833282470703125e+01
9.966166687011718750e+01
9.967333221435546875e+01
9.966500091552734375e+01
9.965833282470703125e+01
9.966666412353515625e+01
9.966666412353515625e+01
9.967333221435546875e+01
9.965666961669921875e+01
9.966500091552734375e+01
9.966166687011718750e+01
9.966166687011718750e+01
9.966833496093750000e+01
9.967166900634765625e+01
9.967166900634765625e+01
9.969666290283203125e+01
9.965833282470703125e+01
9.968666839599609375e+01
9.966166687011718750e+01
9.966833496093750000e+01
9.966166687011718750e+01
9.968833160400390625e+01
9.969333648681640625e+01
9.969499969482421875e+01
9.969000244140625000e+01
9.968000030517578125e+01
9.968166351318359375e+01
9.966166687011718750e+01
9.967333221435546875e+01
9.966166687011718750e+01
9.969166564941406250e+01
9.969333648681640625e+01
9.968666839599609375e+01
9.968333435058593750e+01
9.968000030517578125e+01
9.968000030517578125e+01
9.970999908447265625e+01
9.968666839599609375e+01
9.968666839599609375e+01
9.968499755859375000e+01
9.969499969482421875e+01
9.968666839599609375e+01
9.969000244140625000e+01
9.968166351318359375e+01
9.969333648681640625e+01
9.968499755859375000e+01
9.966666412353515625e+01
9.967333221435546875e+01
9.966500091552734375e+01
9.968000030517578125e+01
9.967166900634765625e+01
9.968499755859375000e+01
9.969000244140625000e+01
9.968833160400390625e+01
9.967666625976562500e+01
9.966999816894531250e+01
9.967833709716796875e+01
9.967500305175781250e+01
9.965333557128906250e+01
9.968499755859375000e+01
9.968499755859375000e+01
9.969166564941406250e+01
9.968333435058593750e+01
9.968333435058593750e+01
9.969499969482421875e+01
9.969666290283203125e+01
9.969000244140625000e+01
9.969000244140625000e+01
9.968499755859375000e+01
9.970166778564453125e+01
9.968666839599609375e+01
9.969499969482421875e+01
9.968833160400390625e+01
9.968666839599609375e+01
9.969166564941406250e+01
9.969000244140625000e+01
9.968499755859375000e+01
9.967666625976562500e+01
9.969166564941406250e+01
9.969666290283203125e+01
9.969999694824218750e+01
9.969833374023437500e+01
9.968000030517578125e+01
9.968666839599609375e+01
9.970999908447265625e+01
9.970333099365234375e+01
9.968666839599609375e+01
9.969499969482421875e+01
9.969999694824218750e+01
9.970833587646484375e+01
9.969000244140625000e+01
9.970999908447265625e+01
9.972166442871093750e+01
9.969000244140625000e+01
9.970500183105468750e+01
9.969333648681640625e+01
9.969666290283203125e+01
9.969166564941406250e+01
9.970999908447265625e+01
9.969000244140625000e+01
9.967333221435546875e+01
9.968333435058593750e+01
9.967666625976562500e+01
9.969666290283203125e+01
9.969833374023437500e+01
9.969666290283203125e+01
9.969166564941406250e+01
9.970166778564453125e+01
9.969166564941406250e+01
9.968666839599609375e+01
9.967333221435546875e+01
9.968333435058593750e+01
9.967333221435546875e+01
9.966999816894531250e+01
9.967333221435546875e+01
9.967666625976562500e+01
9.969333648681640625e+01
9.968499755859375000e+01
9.968000030517578125e+01
9.968166351318359375e+01
9.969333648681640625e+01
9.965666961669921875e+01
9.968333435058593750e+01
9.968833160400390625e+01
9.967500305175781250e+01
9.965333557128906250e+01
9.969166564941406250e+01
9.968166351318359375e+01
9.969499969482421875e+01
9.969000244140625000e+01
9.968499755859375000e+01
9.970666503906250000e+01
9.969666290283203125e+01
9.969666290283203125e+01
9.969833374023437500e+01
9.967833709716796875e+01
9.968833160400390625e+01
9.968000030517578125e+01
9.969000244140625000e+01
9.969333648681640625e+01
9.968833160400390625e+01
9.969000244140625000e+01
9.966333007812500000e+01
9.969833374023437500e+01
9.969499969482421875e+01
9.968833160400390625e+01
9.968666839599609375e+01
9.968666839599609375e+01
9.967500305175781250e+01
9.967833709716796875e+01
9.968000030517578125e+01
9.966333007812500000e+01
9.966999816894531250e+01
9.968333435058593750e+01
9.968499755859375000e+01
9.966166687011718750e+01
9.966833496093750000e+01
9.967333221435546875e+01
9.967833709716796875e+01
9.967166900634765625e+01
9.967333221435546875e+01
9.967500305175781250e+01
9.965833282470703125e+01
9.968499755859375000e+01
9.967666625976562500e+01
9.969499969482421875e+01
9.969999694824218750e+01
9.968666839599609375e+01
9.968166351318359375e+01
9.969999694824218750e+01
9.969666290283203125e+01
9.968333435058593750e+01
9.969833374023437500e+01
9.970833587646484375e+01
9.970166778564453125e+01
9.969000244140625000e+01
9.967500305175781250e+01
9.969833374023437500e+01
9.969499969482421875e+01
9.969666290283203125e+01
9.970833587646484375e+01
9.969000244140625000e+01
9.969499969482421875e+01
9.968833160400390625e+01
9.970833587646484375e+01
9.968499755859375000e+01
9.968833160400390625e+01
9.969666290283203125e+01
9.969833374023437500e+01
9.969666290283203125e+01
9.971333312988281250e+01
9.969166564941406250e+01
9.971166992187500000e+01
9.968666839599609375e+01
9.971499633789062500e+01
9.970666503906250000e+01
9.970999908447265625e+01
9.971333312988281250e+01
9.970333099365234375e+01
9.968666839599609375e+01
9.969833374023437500e+01
9.970999908447265625e+01
9.971666717529296875e+01
9.970999908447265625e+01
9.973000335693359375e+01
9.972166442871093750e+01
9.972833251953125000e+01
9.973833465576171875e+01
9.972833251953125000e+01
9.971833038330078125e+01
9.971333312988281250e+01
9.971333312988281250e+01
9.969333648681640625e+01
9.970500183105468750e+01
9.971833038330078125e+01
9.970166778564453125e+01
9.972666931152343750e+01
9.971499633789062500e+01
9.970500183105468750e+01
9.971499633789062500e+01
9.970333099365234375e+01
9.971499633789062500e+01
9.972833251953125000e+01
9.970999908447265625e+01
9.971333312988281250e+01
9.971833038330078125e+01
9.970500183105468750e+01
9.971333312988281250e+01
9.972666931152343750e+01
9.973666381835937500e+01
9.972166442871093750e+01
9.972833251953125000e+01
9.973000335693359375e+01
9.973500061035156250e+01
9.973166656494140625e+01
9.972833251953125000e+01
9.972499847412109375e+01
9.970333099365234375e+01
9.971833038330078125e+01
9.971833038330078125e+01
9.971499633789062500e+01
9.969000244140625000e+01
9.971166992187500000e+01
9.969666290283203125e+01
9.970999908447265625e+01
9.971833038330078125e+01
9.972833251953125000e+01
9.973166656494140625e+01
9.970666503906250000e+01
9.970999908447265625e+01
9.971833038330078125e+01
9.971666717529296875e+01
9.973666381835937500e+01
9.972333526611328125e+01
9.971833038330078125e+01
9.972166442871093750e+01
9.972166442871093750e+01
9.972833251953125000e+01
9.972499847412109375e+01
9.972499847412109375e+01
9.974500274658203125e+01
9.973166656494140625e+01
9.974666595458984375e+01
9.974666595458984375e+01
9.974333190917968750e+01
9.973833465576171875e+01
9.971499633789062500e+01
9.970666503906250000e+01
9.971333312988281250e+01
9.972333526611328125e+01
9.972499847412109375e+01
9.971833038330078125e+01
9.973500061035156250e+01
9.972499847412109375e+01
9.972000122070312500e+01
9.973332977294921875e+01
9.971666717529296875e+01
9.973666381835937500e+01
9.973500061035156250e+01
9.970999908447265625e+01
9.972666931152343750e+01
9.974666595458984375e+01
9.975333404541015625e+01
9.975333404541015625e+01
9.973166656494140625e+01
9.972499847412109375e+01
9.974500274658203125e+01
9.973833465576171875e+01
9.972333526611328125e+01
9.971333312988281250e+01
9.974333190917968750e+01
9.971333312988281250e+01
9.972333526611328125e+01
9.973500061035156250e+01
9.973000335693359375e+01
9.972333526611328125e+01
9.972166442871093750e+01
9.972666931152343750e+01
9.971666717529296875e+01
9.972499847412109375e+01
9.972000122070312500e+01
9.970500183105468750e+01
9.972499847412109375e+01
9.971833038330078125e+01
9.972333526611328125e+01
9.970666503906250000e+01
9.972499847412109375e+01
9.972499847412109375e+01
9.972333526611328125e+01
9.972499847412109375e+01
9.971833038330078125e+01
9.972499847412109375e+01
9.971833038330078125e+01
9.972666931152343750e+01
9.970166778564453125e+01
9.970999908447265625e+01
9.970833587646484375e+01
9.971666717529296875e+01
9.972000122070312500e+01
9.973999786376953125e+01
9.973500061035156250e+01
9.973166656494140625e+01
9.972333526611328125e+01
9.973000335693359375e+01
9.973332977294921875e+01
9.971666717529296875e+01
9.972333526611328125e+01
9.972666931152343750e+01
9.970833587646484375e+01
9.970999908447265625e+01
9.973500061035156250e+01
9.973166656494140625e+01
9.974666595458984375e+01
9.973500061035156250e+01
9.971166992187500000e+01
9.972499847412109375e+01
9.971833038330078125e+01
9.973999786376953125e+01
9.972333526611328125e+01
9.973332977294921875e+01
9.975000000000000000e+01
9.974166870117187500e+01
9.973999786376953125e+01
9.973500061035156250e+01
9.973666381835937500e+01
9.975000000000000000e+01
9.974333190917968750e+01
9.972166442871093750e+01
9.970999908447265625e+01
9.969666290283203125e+01
9.971499633789062500e+01
9.971666717529296875e+01
9.972833251953125000e+01
9.973000335693359375e+01
9.972166442871093750e+01
9.973999786376953125e+01
9.971499633789062500e+01
9.972000122070312500e+01
9.972166442871093750e+01
9.970833587646484375e+01
9.972499847412109375e+01
9.974166870117187500e+01
9.972666931152343750e+01
9.974333190917968750e+01
9.973666381835937500e+01
9.972666931152343750e+01
9.970833587646484375e+01
9.972833251953125000e+01
9.973833465576171875e+01
9.971333312988281250e+01
9.970833587646484375e+01
9.972499847412109375e+01
9.969833374023437500e+01
9.970999908447265625e+01
9.972166442871093750e+01
9.969833374023437500e+01
9.971499633789062500e+01
9.970833587646484375e+01
9.971166992187500000e+01
9.973000335693359375e+01
9.970500183105468750e+01
9.970333099365234375e+01
9.972833251953125000e+01
9.971333312988281250e+01
9.972833251953125000e+01
9.971166992187500000e+01
9.971333312988281250e+01
9.971499633789062500e+01
9.971333312988281250e+01
9.972499847412109375e+01
9.974166870117187500e+01
9.972499847412109375e+01
9.974833679199218750e+01
9.974833679199218750e+01
9.973666381835937500e+01
9.972166442871093750e+01
9.973166656494140625e+01
9.972666931152343750e+01
9.973500061035156250e+01
9.972666931152343750e+01
9.972333526611328125e+01
9.972000122070312500e+01
9.973666381835937500e+01
9.972499847412109375e+01
9.974333190917968750e+01
9.971666717529296875e+01
9.974833679199218750e+01
9.973833465576171875e+01
9.973666381835937500e+01
9.973332977294921875e+01
9.974500274658203125e+01
9.973000335693359375e+01
9.973500061035156250e+01
9.973833465576171875e+01
9.973666381835937500e+01
9.973833465576171875e+01
9.972666931152343750e+01
9.972833251953125000e+01
9.972833251953125000e+01
9.972666931152343750e+01
9.972666931152343750e+01
9.972666931152343750e+01
9.971833038330078125e+01
9.971666717529296875e+01
9.972833251953125000e+01
9.973166656494140625e+01
9.972166442871093750e+01
9.972333526611328125e+01
9.974333190917968750e+01
9.973666381835937500e+01
9.973500061035156250e+01
9.972666931152343750e+01
9.971499633789062500e+01
9.973332977294921875e+01
9.973833465576171875e+01
9.973000335693359375e+01
9.971833038330078125e+01
9.972333526611328125e+01
9.972000122070312500e+01
9.973999786376953125e+01
9.973166656494140625e+01
9.972499847412109375e+01
9.973833465576171875e+01
9.973833465576171875e+01
9.972499847412109375e+01
9.972833251953125000e+01
9.974333190917968750e+01
9.971333312988281250e+01
9.973332977294921875e+01
9.972833251953125000e+01
9.972499847412109375e+01
9.971666717529296875e+01
9.973833465576171875e+01
9.972833251953125000e+01
9.972499847412109375e+01
9.970999908447265625e+01
9.973000335693359375e+01
9.973833465576171875e+01
9.972666931152343750e+01
9.975333404541015625e+01
9.974666595458984375e+01
9.974333190917968750e+01
9.972666931152343750e+01
9.973666381835937500e+01
9.973166656494140625e+01
9.973500061035156250e+01
9.973332977294921875e+01
9.973332977294921875e+01
9.973332977294921875e+01
9.972833251953125000e+01
9.973000335693359375e+01
9.970999908447265625e+01
9.973666381835937500e+01
9.973666381835937500e+01
9.972499847412109375e+01
9.973332977294921875e+01
9.973999786376953125e+01
9.973332977294921875e+01
9.972000122070312500e+01
9.974333190917968750e+01
9.973666381835937500e+01
9.973166656494140625e+01
9.974500274658203125e+01
9.974833679199218750e+01
9.975166320800781250e+01
9.975333404541015625e+01
9.974833679199218750e+01
9.974500274658203125e+01
9.974833679199218750e+01
9.973166656494140625e+01
9.974833679199218750e+01
9.974666595458984375e+01
9.970999908447265625e+01
9.973166656494140625e+01
9.971833038330078125e+01
9.973500061035156250e+01
9.973833465576171875e+01
9.973166656494140625e+01
9.972333526611328125e+01
9.975000000000000000e+01
9.974666595458984375e+01
9.973666381835937500e+01
9.975166320800781250e+01
9.973000335693359375e+01
9.973332977294921875e+01
9.974833679199218750e+01
9.974166870117187500e+01
9.976667022705078125e+01
9.974166870117187500e+01
9.975166320800781250e+01
9.976166534423828125e+01
9.976833343505859375e+01
9.975166320800781250e+01
9.976166534423828125e+01
9.976000213623046875e+01
9.976333618164062500e+01
9.975833129882812500e+01
9.975166320800781250e+01
9.974833679199218750e+01
9.974666595458984375e+01
9.976166534423828125e+01
9.975000000000000000e+01
9.974333190917968750e+01
9.975499725341796875e+01
9.975166320800781250e+01
9.975499725341796875e+01
9.975833129882812500e+01
9.976999664306640625e+01
9.975333404541015625e+01
9.976499938964843750e+01
9.974833679199218750e+01
9.971666717529296875e+01
9.976333618164062500e+01
9.974166870117187500e+01
9.974333190917968750e+01
9.975000000000000000e+01
9.975000000000000000e+01
9.974333190917968750e+01
9.975333404541015625e+01
9.973833465576171875e+01
9.975166320800781250e+01
9.975166320800781250e+01
9.973666381835937500e+01
9.974166870117187500e+01
9.973999786376953125e+01
9.975000000000000000e+01
9.973166656494140625e+01
9.975166320800781250e+01
9.975833129882812500e+01
9.975833129882812500e+01
9.976000213623046875e+01
9.974166870117187500e+01
9.973999786376953125e+01
9.970999908447265625e+01
9.973000335693359375e+01
9.974500274658203125e+01
9.973833465576171875e+01
9.972000122070312500e+01
9.973332977294921875e+01
9.971666717529296875e+01
9.974666595458984375e+01
9.974166870117187500e+01
9.973833465576171875e+01
9.972333526611328125e+01
9.973332977294921875e+01
9.973166656494140625e+01
9.972666931152343750e+01
9.975000000000000000e+01
9.975666809082031250e+01
9.975000000000000000e+01
9.976166534423828125e+01
9.976667022705078125e+01
9.975833129882812500e+01
9.975166320800781250e+01
9.976333618164062500e+01
9.976166534423828125e+01
9.973666381835937500e+01
9.974166870117187500e+01
9.975333404541015625e+01
9.977500152587890625e+01
9.975166320800781250e+01
9.976000213623046875e+01
9.976833343505859375e+01
9.975333404541015625e+01
9.978166961669921875e+01
9.978666687011718750e+01
9.977500152587890625e+01
9.977833557128906250e+01
9.978500366210937500e+01
9.976999664306640625e+01
9.977833557128906250e+01
9.976499938964843750e+01
9.974500274658203125e+01
9.975166320800781250e+01
9.974666595458984375e+01
9.976333618164062500e+01
9.976166534423828125e+01
9.975499725341796875e+01
9.973999786376953125e+01
9.975666809082031250e+01
9.974166870117187500e+01
9.974166870117187500e+01
9.973999786376953125e+01
9.973332977294921875e+01
9.974666595458984375e+01
9.972000122070312500e+01
9.972833251953125000e+01
9.976499938964843750e+01
9.972666931152343750e+01
9.975499725341796875e+01
9.974666595458984375e+01
9.975666809082031250e+01
9.974666595458984375e+01
9.975833129882812500e+01
9.975166320800781250e+01
9.976166534423828125e+01
9.975166320800781250e+01
9.977500152587890625e+01
9.977500152587890625e+01
9.976667022705078125e+01
9.975666809082031250e+01
9.976333618164062500e+01
9.975666809082031250e+01
9.974666595458984375e+01
9.976166534423828125e+01
9.976166534423828125e+01
9.974666595458984375e+01
9.976333618164062500e+01
9.975499725341796875e+01
9.975166320800781250e+01
9.976667022705078125e+01
9.976166534423828125e+01
9.976166534423828125e+01
9.975666809082031250e+01
9.977666473388671875e+01
9.976499938964843750e+01
9.976333618164062500e+01
9.978333282470703125e+01
9.977666473388671875e+01
9.977999877929687500e+01
9.978333282470703125e+01
9.979499816894531250e+01
9.977333068847656250e+01
9.975166320800781250e+01
9.976833343505859375e+01
9.975833129882812500e+01
9.975666809082031250e+01
9.976333618164062500e+01
9.975499725341796875e+01
9.974333190917968750e+01
9.975000000000000000e+01
9.974833679199218750e+01
9.973666381835937500e+01
9.976667022705078125e+01
9.976667022705078125e+01
9.972666931152343750e+01
9.972833251953125000e+01
9.975000000000000000e+01
9.975833129882812500e+01
9.972333526611328125e+01
9.976333618164062500e+01
9.974166870117187500e+01
9.976833343505859375e+01
9.975333404541015625e+01
9.973833465576171875e+01
9.976000213623046875e+01
9.975166320800781250e+01
9.975666809082031250e+01
9.975000000000000000e+01
9.973999786376953125e+01
9.974833679199218750e+01
9.974500274658203125e+01
9.973332977294921875e+01
9.974333190917968750e+01
9.974500274658203125e+01
9.975166320800781250e+01
9.973999786376953125e+01
9.973332977294921875e+01
9.973833465576171875e+01
9.973833465576171875e+01
9.976333618164062500e+01
9.973999786376953125e+01
9.974166870117187500e+01
9.974333190917968750e+01
9.974500274658203125e+01
9.974500274658203125e+01
9.974666595458984375e+01
9.976499938964843750e+01
9.976499938964843750e+01
9.976166534423828125e+01
9.974666595458984375e+01
9.974333190917968750e+01
9.974166870117187500e+01
9.977833557128906250e+01
9.977333068847656250e+01
9.975499725341796875e+01
9.976333618164062500e+01
9.978500366210937500e+01
9.979166412353515625e+01
9.978833007812500000e+01
9.977833557128906250e+01
9.977833557128906250e+01
9.978166961669921875e+01
9.977166748046875000e+01
9.976999664306640625e+01
9.976999664306640625e+01
9.976166534423828125e+01
9.976000213623046875e+01
9.976499938964843750e+01
9.978333282470703125e+01
9.979000091552734375e+01
9.977833557128906250e+01
9.977999877929687500e+01
9.977500152587890625e+01
9.975833129882812500e+01
9.974166870117187500e+01
9.977833557128906250e+01
9.977999877929687500e+01
9.976000213623046875e+01
9.976667022705078125e+01
9.977666473388671875e+01
9.977833557128906250e+01
9.976999664306640625e+01
9.977666473388671875e+01
9.976166534423828125e+01
9.976999664306640625e+01
9.978666687011718750e+01
9.976999664306640625e+01
9.977333068847656250e+01
9.976667022705078125e+01
9.978166961669921875e+01
9.976000213623046875e+01
9.977500152587890625e+01
9.978500366210937500e+01
9.976333618164062500e+01
9.977500152587890625e+01
9.978666687011718750e+01
9.980166625976562500e+01
9.978333282470703125e+01
9.977833557128906250e+01
9.977833557128906250e+01
9.978666687011718750e+01
9.979166412353515625e+01
9.978500366210937500e+01
9.976999664306640625e+01
9.977166748046875000e+01
9.976499938964843750e+01
9.979000091552734375e+01
9.977333068847656250e+01
9.977833557128906250e+01
9.977999877929687500e+01
9.976667022705078125e+01
9.975833129882812500e+01
9.978500366210937500e+01
9.977833557128906250e+01
9.977333068847656250e+01
9.976499938964843750e+01
9.975000000000000000e+01
9.975666809082031250e+01
9.977833557128906250e+01
9.977500152587890625e+01
9.979000091552734375e+01
9.978666687011718750e+01
9.976999664306640625e+01
9.979166412353515625e+01
9.976166534423828125e+01
9.976166534423828125e+01
9.976667022705078125e+01
9.975000000000000000e+01
9.977833557128906250e+01
9.978333282470703125e+01
9.979000091552734375e+01
9.978666687011718750e+01
9.979333496093750000e+01
9.979833221435546875e+01
9.979000091552734375e+01
9.977833557128906250e+01
9.979499816894531250e+01
9.977500152587890625e+01
9.978833007812500000e+01
9.978500366210937500e+01
9.979166412353515625e+01
9.979499816894531250e+01
9.978833007812500000e+01
9.980000305175781250e+01
9.980166625976562500e+01
9.979666900634765625e+01
9.981166839599609375e+01
9.980500030517578125e+01
9.979000091552734375e+01
9.980833435058593750e+01
9.978333282470703125e+01
9.981500244140625000e+01
9.980000305175781250e+01
9.980666351318359375e+01
9.980166625976562500e+01
9.979166412353515625e+01
9.978333282470703125e+01
9.980666351318359375e+01
9.980000305175781250e+01
9.976999664306640625e+01
9.979000091552734375e+01
9.979499816894531250e+01
9.978833007812500000e+01
9.979666900634765625e+01
9.978500366210937500e+01
9.980000305175781250e+01
9.979333496093750000e+01
9.980000305175781250e+01
9.980833435058593750e+01
9.979166412353515625e+01
9.980833435058593750e+01
9.980166625976562500e+01
9.979333496093750000e+01
9.980500030517578125e+01
9.980166625976562500e+01
9.980833435058593750e+01
9.973500061035156250e+01
9.978666687011718750e+01
9.979499816894531250e+01
9.979333496093750000e+01
9.979166412353515625e+01
9.979499816894531250e+01
9.980500030517578125e+01
9.979333496093750000e+01
9.979166412353515625e+01
9.979166412353515625e+01
9.977999877929687500e+01
9.978500366210937500e+01
9.977833557128906250e+01
9.976499938964843750e+01
9.976333618164062500e+01
9.976333618164062500e+01
9.978666687011718750e+01
9.978833007812500000e+01
9.979499816894531250e+01
9.980500030517578125e+01
9.979499816894531250e+01
9.980500030517578125e+01
9.980666351318359375e+01
9.979499816894531250e+01
9.980333709716796875e+01
9.979166412353515625e+01
9.980333709716796875e+01
9.979499816894531250e+01
9.979166412353515625e+01
9.974500274658203125e+01
9.980000305175781250e+01
9.980000305175781250e+01
9.978166961669921875e+01
9.977500152587890625e+01
9.979666900634765625e+01
9.979166412353515625e+01
9.978833007812500000e+01
9.979333496093750000e+01
9.981166839599609375e+01
9.979166412353515625e+01
9.978666687011718750e+01
9.978833007812500000e+01
9.978666687011718750e+01
9.980333709716796875e+01
9.979333496093750000e+01
9.979000091552734375e+01
9.980333709716796875e+01
9.979499816894531250e+01
9.981500244140625000e+01
9.980999755859375000e+01
9.980999755859375000e+01
9.981500244140625000e+01
9.979000091552734375e+01
9.980500030517578125e+01
9.978666687011718750e+01
9.979333496093750000e+01
9.979666900634765625e+01
9.980000305175781250e+01
9.981166839599609375e+01
9.981333160400390625e+01
9.980166625976562500e+01
9.980166625976562500e+01
9.980166625976562500e+01
9.980833435058593750e+01
9.978833007812500000e+01
9.980333709716796875e+01
9.980666351318359375e+01
9.980333709716796875e+01
9.980000305175781250e+01
9.979499816894531250e+01
9.979000091552734375e+01
9.978500366210937500e+01
9.975666809082031250e+01
9.978333282470703125e+01
9.977999877929687500e+01
9.976833343505859375e+01
9.976667022705078125e+01
9.977666473388671875e+01
9.977999877929687500e+01
9.977999877929687500e+01
9.978666687011718750e+01
9.979666900634765625e+01
9.978833007812500000e+01
9.980166625976562500e+01
9.976333618164062500e+01
9.978166961669921875e+01
9.978666687011718750e+01
9.978666687011718750e+01
9.979499816894531250e+01
9.976333618164062500e+01
9.978166961669921875e+01
9.977833557128906250e+01
9.978500366210937500e+01
9.978333282470703125e+01
9.978500366210937500e+01
9.978833007812500000e+01
9.978833007812500000e+01
9.977999877929687500e+01
9.979333496093750000e+01
9.978500366210937500e+01
9.979000091552734375e+01
9.979833221435546875e+01
9.979000091552734375e+01
9.979499816894531250e+01
9.979333496093750000e+01
9.979499816894531250e+01
9.980000305175781250e+01
9.977833557128906250e+01
9.977500152587890625e+01
9.978333282470703125e+01
9.979333496093750000e+01
9.977500152587890625e+01
9.978500366210937500e+01
9.978333282470703125e+01
9.978500366210937500e+01
9.980000305175781250e+01
9.977166748046875000e+01
9.977833557128906250e+01
9.977333068847656250e+01
9.977833557128906250e+01
9.977666473388671875e+01
9.978333282470703125e+01
9.978666687011718750e+01
9.978666687011718750e+01
9.979000091552734375e+01
9.978500366210937500e+01
9.979833221435546875e+01
9.980166625976562500e+01
9.981333160400390625e+01
9.980666351318359375e+01
9.979333496093750000e+01
9.978666687011718750e+01
9.978666687011718750e+01
9.978166961669921875e+01
9.979333496093750000e+01
9.980666351318359375e+01
9.979166412353515625e+01
9.980500030517578125e+01
9.980500030517578125e+01
9.979166412353515625e+01
9.980999755859375000e+01
9.980166625976562500e+01
9.980999755859375000e+01
9.979833221435546875e+01
9.980000305175781250e+01
9.977999877929687500e+01
9.980999755859375000e+01
9.978500366210937500e+01
9.979499816894531250e+01
9.980500030517578125e+01
9.980000305175781250e+01
9.980166625976562500e+01
9.979499816894531250e+01
9.979333496093750000e+01
9.978166961669921875e+01
9.979499816894531250e+01
9.978166961669921875e+01
9.981166839599609375e+01
9.979499816894531250e+01
9.978833007812500000e+01
9.978833007812500000e+01
9.978500366210937500e+01
9.979000091552734375e+01
9.977999877929687500e+01
9.980000305175781250e+01
9.979833221435546875e+01
9.981166839599609375e+01
9.980666351318359375e+01
9.981666564941406250e+01
9.980166625976562500e+01
9.979333496093750000e+01
9.979000091552734375e+01
9.979333496093750000e+01
9.980500030517578125e+01
9.978666687011718750e+01
9.979166412353515625e+01
9.980666351318359375e+01
9.977999877929687500e+01
9.976999664306640625e+01
9.976833343505859375e+01
9.977833557128906250e+01
9.977666473388671875e+01
9.980666351318359375e+01
9.980000305175781250e+01
9.977666473388671875e+01
9.980000305175781250e+01
9.977999877929687500e+01
9.981333160400390625e+01
9.981333160400390625e+01
9.982666778564453125e+01
9.980166625976562500e+01
9.982666778564453125e+01
9.981166839599609375e+01
9.978833007812500000e+01
9.982166290283203125e+01
9.979499816894531250e+01
9.979333496093750000e+01
9.981166839599609375e+01
9.980166625976562500e+01
9.979666900634765625e+01
9.979499816894531250e+01
9.980333709716796875e+01
9.979000091552734375e+01
9.978500366210937500e+01
9.978833007812500000e+01
9.980000305175781250e+01
9.981500244140625000e+01
9.981666564941406250e+01
9.980333709716796875e+01
9.980166625976562500e+01
9.979833221435546875e+01
9.979333496093750000e+01
9.978166961669921875e+01
9.977333068847656250e+01
9.978500366210937500e+01
9.982166290283203125e+01
9.981166839599609375e+01
9.981666564941406250e+01
9.981833648681640625e+01
9.980000305175781250e+01
9.982333374023437500e+01
9.981166839599609375e+01
9.980999755859375000e+01
9.981500244140625000e+01
9.981999969482421875e+01
9.980333709716796875e+01
9.981500244140625000e+01
9.981500244140625000e+01
9.980999755859375000e+01
9.981500244140625000e+01
9.980833435058593750e+01
9.979166412353515625e+01
9.980666351318359375e+01
9.981666564941406250e+01
9.979833221435546875e+01
9.980000305175781250e+01
9.977999877929687500e+01
9.976333618164062500e+01
9.980333709716796875e+01
9.980666351318359375e+01
9.981500244140625000e+01
9.981166839599609375e+01
9.979499816894531250e+01
9.981166839599609375e+01
9.980666351318359375e+01
9.980500030517578125e+01
9.978666687011718750e+01
9.978666687011718750e+01
9.977666473388671875e+01
9.979833221435546875e+01
9.980333709716796875e+01
9.979499816894531250e+01
9.979666900634765625e+01
9.981333160400390625e+01
9.978500366210937500e+01
9.979499816894531250e+01
9.979166412353515625e+01
9.978500366210937500e+01
9.980833435058593750e+01
9.979333496093750000e+01
9.980666351318359375e+01
9.979666900634765625e+01
9.981166839599609375e+01
9.980166625976562500e+01
9.980666351318359375e+01
9.980833435058593750e+01
9.980833435058593750e+01
9.980833435058593750e+01
9.981333160400390625e+01
9.982333374023437500e+01
9.979833221435546875e+01
9.980666351318359375e+01
9.981166839599609375e+01
9.979666900634765625e+01
9.980333709716796875e+01
9.979833221435546875e+01
9.979000091552734375e+01
9.979166412353515625e+01
9.979666900634765625e+01
9.979499816894531250e+01
9.979833221435546875e+01
9.979499816894531250e+01
9.978333282470703125e+01
9.980500030517578125e+01
9.979499816894531250e+01
9.980500030517578125e+01
9.980999755859375000e+01
9.979333496093750000e+01
9.980500030517578125e+01
9.980000305175781250e+01
9.981333160400390625e+01
9.981333160400390625e+01
9.981666564941406250e+01
9.981166839599609375e+01
9.981333160400390625e+01
9.981333160400390625e+01
9.980000305175781250e+01
9.980333709716796875e+01
9.980500030517578125e+01
9.978833007812500000e+01
9.977833557128906250e+01
9.979499816894531250e+01
9.977833557128906250e+01
9.978333282470703125e+01
9.975833129882812500e+01
9.977166748046875000e+01
9.977999877929687500e+01
9.977166748046875000e+01
9.978333282470703125e+01
9.978666687011718750e+01
9.978166961669921875e+01
9.978333282470703125e+01
9.978500366210937500e+01
9.978166961669921875e+01
9.980000305175781250e+01
9.977999877929687500e+01
9.980833435058593750e+01
9.978500366210937500e+01
9.978666687011718750e+01
9.978833007812500000e+01
9.980999755859375000e+01
9.980000305175781250e+01
9.979000091552734375e+01
9.978333282470703125e+01
9.982499694824218750e+01
9.981500244140625000e+01
9.981333160400390625e+01
9.980166625976562500e+01
9.977666473388671875e+01
9.980166625976562500e+01
9.980833435058593750e+01
9.982499694824218750e+01
9.980000305175781250e+01
9.980166625976562500e+01
9.980999755859375000e+01
9.980166625976562500e+01
9.981999969482421875e+01
9.981666564941406250e+01
9.978833007812500000e+01
9.981500244140625000e+01
9.978833007812500000e+01
9.979833221435546875e+01
9.980500030517578125e+01
9.980666351318359375e+01
9.978500366210937500e+01
9.979833221435546875e+01
9.980500030517578125e+01
9.979666900634765625e+01
9.980000305175781250e+01
9.980500030517578125e+01
9.978666687011718750e+01
9.981333160400390625e+01
9.980333709716796875e+01
9.980000305175781250e+01
9.981333160400390625e+01
9.980833435058593750e+01
9.980166625976562500e+01
9.979166412353515625e+01
9.979833221435546875e+01
9.978500366210937500e+01
9.980666351318359375e+01
9.979333496093750000e+01
9.979666900634765625e+01
9.980500030517578125e+01
9.981666564941406250e+01
9.982333374023437500e+01
9.979499816894531250e+01
9.977500152587890625e+01
9.979000091552734375e+01
9.979833221435546875e+01
9.978333282470703125e+01
9.981666564941406250e+01
9.979333496093750000e+01
9.979666900634765625e+01
9.979666900634765625e+01
9.979833221435546875e+01
9.978833007812500000e+01
9.977500152587890625e+01
9.980166625976562500e+01
9.978333282470703125e+01
9.978500366210937500e+01
9.980666351318359375e+01
9.979833221435546875e+01
9.981500244140625000e+01
9.981666564941406250e+01
9.981666564941406250e+01
9.980833435058593750e+01
9.981833648681640625e+01
9.981666564941406250e+01
9.980500030517578125e+01
9.981166839599609375e+01
9.980666351318359375e+01
9.980500030517578125e+01
9.981500244140625000e+01
9.980000305175781250e+01
9.979666900634765625e+01
9.980500030517578125e+01
9.981500244140625000e+01
9.981666564941406250e+01
9.981333160400390625e+01
9.979666900634765625e+01
9.979000091552734375e+01
9.979333496093750000e+01
9.981666564941406250e+01
9.980166625976562500e+01
9.981500244140625000e+01
9.979833221435546875e+01
9.979499816894531250e+01
9.977999877929687500e+01
9.976833343505859375e+01
9.980000305175781250e+01
9.980000305175781250e+01
9.979833221435546875e+01
9.980166625976562500e+01
9.980999755859375000e+01
9.980833435058593750e+01
9.982333374023437500e+01
9.980500030517578125e+01
9.979333496093750000e+01
9.981500244140625000e+01
9.981666564941406250e+01
9.981333160400390625e+01
9.981166839599609375e+01
9.980500030517578125e+01
9.981333160400390625e+01
9.980333709716796875e+01
9.980666351318359375e+01
9.983000183105468750e+01
9.981500244140625000e+01
9.982833099365234375e+01
9.979833221435546875e+01
9.979499816894531250e+01
9.979499816894531250e+01
9.980666351318359375e+01
9.981333160400390625e+01
9.980833435058593750e+01
9.980500030517578125e+01
9.981333160400390625e+01
9.980000305175781250e+01
9.980833435058593750e+01
9.977833557128906250e+01
9.980500030517578125e+01
9.979333496093750000e+01
9.980000305175781250e+01
9.980666351318359375e+01
9.980833435058593750e+01
9.980166625976562500e+01
9.981999969482421875e+01
9.979333496093750000e+01
9.977833557128906250e+01
9.979666900634765625e+01
9.979499816894531250e+01
9.980833435058593750e+01
9.980333709716796875e+01
9.980500030517578125e+01
9.980833435058593750e+01
9.981833648681640625e+01
9.981500244140625000e+01
9.981333160400390625e+01
9.981500244140625000e+01
9.980999755859375000e+01
9.979833221435546875e+01
9.979666900634765625e+01
9.979666900634765625e+01
9.980000305175781250e+01
9.979333496093750000e+01
9.978500366210937500e+01
9.979166412353515625e+01
9.979666900634765625e+01
9.980666351318359375e+01
9.979000091552734375e+01
9.980833435058593750e+01
9.980333709716796875e+01
9.981333160400390625e+01
9.980166625976562500e+01
9.979000091552734375e+01
9.980000305175781250e+01
9.976667022705078125e+01
9.979333496093750000e+01
9.979333496093750000e+01
9.979499816894531250e+01
9.979833221435546875e+01
9.978500366210937500e+01
9.978666687011718750e+01
9.979000091552734375e+01
9.978666687011718750e+01
9.979833221435546875e+01
9.979499816894531250e+01
9.978333282470703125e+01
9.979333496093750000e+01
9.979166412353515625e+01
9.980833435058593750e+01
9.980000305175781250e+01
9.979166412353515625e+01
9.980500030517578125e+01
9.978333282470703125e+01
9.980833435058593750e+01
9.980999755859375000e+01
9.981500244140625000e+01
9.981166839599609375e+01
9.981666564941406250e+01
9.980999755859375000e+01
9.981166839599609375e+01
9.982333374023437500e+01
9.981333160400390625e+01
9.980833435058593750e+01
9.982333374023437500e+01
9.981666564941406250e+01
9.981333160400390625e+01
9.980999755859375000e+01
9.984333038330078125e+01
9.983833312988281250e+01
9.982666778564453125e+01
9.980333709716796875e+01
9.980500030517578125e+01
9.980666351318359375e+01
9.981833648681640625e+01
9.980833435058593750e+01
9.981333160400390625e+01
9.982166290283203125e+01
9.982333374023437500e+01
9.980000305175781250e+01
9.982666778564453125e+01
9.981500244140625000e+01
9.982833099365234375e+01
9.983333587646484375e+01
9.983000183105468750e+01
9.984333038330078125e+01
9.984999847412109375e+01
9.983666992187500000e+01
9.983833312988281250e+01
9.984833526611328125e+01
9.983333587646484375e+01
9.981166839599609375e+01
9.980166625976562500e+01
9.980666351318359375e+01
9.980999755859375000e+01
9.983499908447265625e+01
9.982666778564453125e+01
9.983333587646484375e+01
9.983000183105468750e+01
9.982333374023437500e+01
9.983999633789062500e+01
9.983166503906250000e+01
9.980333709716796875e+01
9.981500244140625000e+01
9.982833099365234375e+01
9.981166839599609375e+01
9.982166290283203125e+01
9.981833648681640625e+01
9.981666564941406250e+01
9.982666778564453125e+01
9.982333374023437500e+01
9.981500244140625000e+01
9.979833221435546875e+01
9.982833099365234375e+01
9.980999755859375000e+01
9.980000305175781250e+01
9.979166412353515625e+01
9.980666351318359375e+01
9.981166839599609375e+01
9.981833648681640625e+01
9.982166290283203125e+01
9.980000305175781250e+01
9.981833648681640625e+01
9.981666564941406250e+01
9.977999877929687500e+01
9.980500030517578125e+01
9.982333374023437500e+01
9.981999969482421875e+01
9.982166290283203125e+01
9.980500030517578125e+01
9.982666778564453125e+01
9.983000183105468750e+01
9.979000091552734375e+01
9.981833648681640625e+01
9.981333160400390625e+01
9.982666778564453125e+01
9.980833435058593750e+01
9.980833435058593750e+01
9.978666687011718750e+01
9.978666687011718750e+01
9.980833435058593750e+01
9.980333709716796875e+01
9.981666564941406250e+01
9.981666564941406250e+01
9.981333160400390625e+01
9.982333374023437500e+01
9.980000305175781250e+01
9.982333374023437500e+01
9.983000183105468750e+01
9.980500030517578125e+01
9.982666778564453125e+01
9.980833435058593750e+01
9.980333709716796875e+01
9.981166839599609375e+01
9.981333160400390625e+01
9.982166290283203125e+01
9.982666778564453125e+01
9.981666564941406250e+01
9.983166503906250000e+01
9.983833312988281250e+01
9.981500244140625000e+01
9.981500244140625000e+01
9.982333374023437500e+01
9.982833099365234375e+01
9.982666778564453125e+01
9.982499694824218750e+01
9.983000183105468750e+01
9.981666564941406250e+01
9.982166290283203125e+01
9.981333160400390625e+01
9.981333160400390625e+01
9.981500244140625000e+01
9.981500244140625000e+01
9.981666564941406250e+01
9.981999969482421875e+01
9.982166290283203125e+01
9.981999969482421875e+01
9.982333374023437500e+01
9.980999755859375000e+01
9.979666900634765625e+01
9.977999877929687500e+01
9.979166412353515625e+01
9.980500030517578125e+01
9.981500244140625000e+01
9.982499694824218750e+01
9.982333374023437500e+01
9.980666351318359375e+01
9.982833099365234375e+01
9.981833648681640625e+01
9.980833435058593750e+01
9.976999664306640625e+01
9.978833007812500000e+01
9.979499816894531250e+01
9.979000091552734375e+01
9.980166625976562500e+01
9.980666351318359375e+01
9.980333709716796875e+01
9.980666351318359375e+01
9.980666351318359375e+01
9.980833435058593750e+01
9.981999969482421875e+01
9.981833648681640625e+01
9.981666564941406250e+01
9.981333160400390625e+01
9.981166839599609375e+01
9.980999755859375000e+01
9.982333374023437500e+01
9.982499694824218750e+01
9.982499694824218750e+01
9.983000183105468750e+01
9.980333709716796875e+01
9.981166839599609375e+01
9.982333374023437500e+01
9.981833648681640625e+01
9.980999755859375000e+01
9.980166625976562500e+01
9.983833312988281250e+01
9.983833312988281250e+01
9.980666351318359375e+01
9.980833435058593750e+01
9.981833648681640625e+01
9.981500244140625000e+01
9.980666351318359375e+01
9.981666564941406250e+01
9.981999969482421875e+01
9.982833099365234375e+01
9.982166290283203125e+01
9.983166503906250000e+01
9.980999755859375000e+01
9.981666564941406250e+01
9.981833648681640625e+01
9.981833648681640625e+01
9.979833221435546875e+01
9.980999755859375000e+01
9.983666992187500000e+01
9.982833099365234375e+01
9.981833648681640625e+01
9.982666778564453125e+01
9.978833007812500000e+01
9.983333587646484375e+01
9.981500244140625000e+01
9.981500244140625000e+01
9.981999969482421875e+01
9.981666564941406250e+01
9.981500244140625000e+01
9.980333709716796875e+01
9.981833648681640625e+01
9.981833648681640625e+01
9.981999969482421875e+01
9.982833099365234375e+01
9.983666992187500000e+01
9.983666992187500000e+01
9.983000183105468750e+01
9.984500122070312500e+01
9.983666992187500000e+01
9.983666992187500000e+01
9.981333160400390625e+01
9.982666778564453125e+01
9.983666992187500000e+01
9.983833312988281250e+01
9.982166290283203125e+01
9.982499694824218750e+01
9.981333160400390625e+01
9.984333038330078125e+01
9.984333038330078125e+01
9.983166503906250000e+01
9.980833435058593750e+01
9.981999969482421875e+01
9.982333374023437500e+01
9.982166290283203125e+01
9.982833099365234375e+01
9.981166839599609375e+01
9.981166839599609375e+01
9.981999969482421875e+01
9.981999969482421875e+01
9.981500244140625000e+01
9.982499694824218750e+01
9.980999755859375000e+01
9.982333374023437500e+01
9.980999755859375000e+01
9.981500244140625000e+01
9.981999969482421875e+01
9.981166839599609375e+01
9.980999755859375000e+01
9.980500030517578125e+01
9.979333496093750000e+01
9.979166412353515625e+01
9.981166839599609375e+01
9.981500244140625000e+01
9.980833435058593750e+01
9.980000305175781250e+01
9.979333496093750000e+01
9.981666564941406250e+01
9.982666778564453125e+01
9.981333160400390625e+01
9.980333709716796875e+01
9.982666778564453125e+01
9.982499694824218750e+01
9.982499694824218750e+01
9.980166625976562500e+01
9.980999755859375000e+01
9.980666351318359375e+01
9.981999969482421875e+01
9.981999969482421875e+01
9.981833648681640625e+01
9.982666778564453125e+01
9.980500030517578125e+01
9.980999755859375000e+01
9.980833435058593750e+01
9.980500030517578125e+01
9.980833435058593750e+01
9.982833099365234375e+01
9.981999969482421875e+01
9.982666778564453125e+01
9.980666351318359375e+01
9.980333709716796875e+01
9.981166839599609375e+01
9.980833435058593750e+01
9.980500030517578125e+01
9.980666351318359375e+01
9.981666564941406250e+01
9.982166290283203125e+01
9.980833435058593750e+01
9.980333709716796875e+01
9.980666351318359375e+01
9.981333160400390625e+01
9.981666564941406250e+01
9.981333160400390625e+01
9.980999755859375000e+01
9.982166290283203125e+01
9.981333160400390625e+01
9.983666992187500000e+01
9.982666778564453125e+01
9.981666564941406250e+01
9.980833435058593750e+01
9.981999969482421875e+01
9.981333160400390625e+01
9.980999755859375000e+01
9.983666992187500000e+01
9.982833099365234375e+01
9.982499694824218750e+01
9.981833648681640625e+01
9.983999633789062500e+01
9.980500030517578125e+01
9.981999969482421875e+01
9.983000183105468750e+01
9.983000183105468750e+01
9.981833648681640625e+01
9.982666778564453125e+01
9.981999969482421875e+01
9.981500244140625000e+01
9.982499694824218750e+01
9.983333587646484375e+01
9.979166412353515625e+01
9.981999969482421875e+01
9.981999969482421875e+01
9.982166290283203125e+01
9.981833648681640625e+01
9.979666900634765625e+01
9.980166625976562500e+01
9.981500244140625000e+01
9.980999755859375000e+01
9.980166625976562500e+01
9.980999755859375000e+01
9.980666351318359375e+01
9.982166290283203125e+01
9.981833648681640625e+01
9.982333374023437500e+01
9.983166503906250000e+01
9.981333160400390625e+01
9.981999969482421875e+01
9.980666351318359375e+01
9.980833435058593750e+01
9.982166290283203125e+01
9.980500030517578125e+01
9.979000091552734375e+01
9.980500030517578125e+01
9.981833648681640625e+01
9.980166625976562500e+01
9.982666778564453125e+01
9.980500030517578125e+01
9.981333160400390625e+01
9.982666778564453125e+01
9.982333374023437500e+01
9.980500030517578125e+01
9.982833099365234375e+01
9.980999755859375000e+01
9.981833648681640625e+01
9.981999969482421875e+01
9.981833648681640625e+01
9.980833435058593750e+01
9.980333709716796875e+01
9.980666351318359375e+01
9.979166412353515625e+01
9.980500030517578125e+01
9.981999969482421875e+01
9.980833435058593750e+01
9.979833221435546875e+01
9.980999755859375000e+01
9.981666564941406250e+01
9.981833648681640625e+01
9.981333160400390625e+01
9.981500244140625000e+01
9.981999969482421875e+01
9.982666778564453125e+01
9.981166839599609375e+01
9.982166290283203125e+01
9.982166290283203125e+01
9.983166503906250000e+01
9.982833099365234375e+01
9.983000183105468750e+01
9.981666564941406250e+01
9.981833648681640625e+01
9.981500244140625000e+01
9.982499694824218750e+01
9.982333374023437500e+01
9.982499694824218750e+01
9.982666778564453125e+01
9.981500244140625000e+01
9.982666778564453125e+01
9.982833099365234375e+01
9.982166290283203125e+01
9.983333587646484375e+01
9.985166931152343750e+01
9.982666778564453125e+01
9.980999755859375000e+01
9.980333709716796875e+01
9.981666564941406250e+01
9.982499694824218750e+01
9.980666351318359375e+01
9.980833435058593750e+01
9.982833099365234375e+01
9.981166839599609375e+01
9.981999969482421875e+01
9.981500244140625000e+01
9.980833435058593750e+01
9.980999755859375000e+01
9.981666564941406250e+01
9.981666564941406250e+01
9.981833648681640625e+01
9.983166503906250000e+01
9.982666778564453125e+01
9.980666351318359375e+01
9.982333374023437500e+01
9.980999755859375000e+01
9.981333160400390625e+01
9.982499694824218750e+01
9.982333374023437500e+01
9.981833648681640625e+01
9.982333374023437500e+01
9.982833099365234375e+01
9.982166290283203125e+01
9.982499694824218750e+01
9.981500244140625000e+01
9.980999755859375000e+01
9.981999969482421875e+01
9.980000305175781250e+01
9.979666900634765625e+01
9.980333709716796875e+01
9.981333160400390625e+01
9.981166839599609375e+01
9.982333374023437500e+01
9.982833099365234375e+01
9.983999633789062500e+01
9.982166290283203125e+01
9.984999847412109375e+01
9.983000183105468750e+01
9.980000305175781250e+01
9.983333587646484375e+01
9.983666992187500000e+01
9.983000183105468750e+01
9.982333374023437500e+01
9.981833648681640625e+01
9.982499694824218750e+01
9.983000183105468750e+01
9.983000183105468750e+01
9.983499908447265625e+01
9.983000183105468750e+01
9.982166290283203125e+01
9.982666778564453125e+01
9.980166625976562500e+01
9.979833221435546875e+01
9.980333709716796875e+01
9.979666900634765625e+01
9.980666351318359375e+01
9.981166839599609375e+01
9.980166625976562500e+01
9.980999755859375000e+01
9.979499816894531250e+01
9.981333160400390625e+01
9.978666687011718750e+01
9.978500366210937500e+01
9.979833221435546875e+01
9.980333709716796875e+01
9.980333709716796875e+01
9.978333282470703125e+01
9.981333160400390625e+01
9.980999755859375000e+01
9.982666778564453125e+01
9.980333709716796875e+01
9.980166625976562500e+01
9.981999969482421875e+01
9.979499816894531250e+01
9.980833435058593750e+01
9.980833435058593750e+01
9.981666564941406250e+01
9.981166839599609375e+01
9.980333709716796875e+01
9.980500030517578125e+01
9.980999755859375000e+01
9.979499816894531250e+01
9.980333709716796875e+01
9.981333160400390625e+01
9.980166625976562500e+01
9.980999755859375000e+01
9.979833221435546875e+01
9.979000091552734375e+01
9.980666351318359375e+01
9.981833648681640625e+01
9.981500244140625000e+01
9.981166839599609375e+01
9.980500030517578125e+01
9.979499816894531250e+01
9.979833221435546875e+01
9.981666564941406250e+01
9.982666778564453125e+01
9.983000183105468750e+01
9.983166503906250000e+01
9.981999969482421875e+01
9.982166290283203125e+01
9.982666778564453125e+01
9.981999969482421875e+01
9.981666564941406250e+01
9.979499816894531250e+01
9.977833557128906250e+01
9.981999969482421875e+01
9.982833099365234375e+01
9.980166625976562500e+01
9.979499816894531250e+01
9.980500030517578125e+01
9.980500030517578125e+01
9.981833648681640625e+01
9.982666778564453125e+01
9.980000305175781250e+01
9.981500244140625000e+01
9.981833648681640625e+01
9.980666351318359375e+01
9.978833007812500000e+01
9.980166625976562500e+01
9.980666351318359375e+01
9.980166625976562500e+01
9.980500030517578125e+01
9.980500030517578125e+01
9.978666687011718750e+01
9.981500244140625000e+01
9.980666351318359375e+01
9.980333709716796875e+01
9.981500244140625000e+01
9.981166839599609375e+01
9.978833007812500000e+01
9.982666778564453125e+01
9.980666351318359375e+01
9.980833435058593750e+01
9.980333709716796875e+01
9.981166839599609375e+01
9.982333374023437500e+01
9.979666900634765625e+01
9.981999969482421875e+01
9.981833648681640625e+01
9.980833435058593750e+01
9.979333496093750000e+01
9.981166839599609375e+01
9.981500244140625000e+01
9.980500030517578125e+01
9.981166839599609375e+01
9.979166412353515625e+01
9.981666564941406250e+01
9.981666564941406250e+01
9.983000183105468750e+01
9.982333374023437500e+01
9.983000183105468750e+01
9.981500244140625000e+01
9.982666778564453125e+01
9.982333374023437500e+01
9.981833648681640625e+01
9.982166290283203125e+01
9.981666564941406250e+01
9.981333160400390625e+01
9.981666564941406250e+01
9.982166290283203125e+01
9.982499694824218750e+01
9.981666564941406250e+01
9.981666564941406250e+01
9.980666351318359375e+01
9.983166503906250000e+01
9.983166503906250000e+01
9.981999969482421875e+01
9.981833648681640625e+01
9.983000183105468750e+01
9.983499908447265625e+01
9.982833099365234375e+01
9.981999969482421875e+01
9.978666687011718750e+01
9.981333160400390625e+01
9.982499694824218750e+01
9.981500244140625000e+01
9.980999755859375000e+01
9.980500030517578125e+01
9.980833435058593750e+01
9.979166412353515625e+01
9.981666564941406250e+01
9.981833648681640625e+01
9.980833435058593750e+01
9.983166503906250000e+01
9.981333160400390625e+01
9.981999969482421875e+01
9.982333374023437500e+01
9.983166503906250000e+01
9.981333160400390625e+01
9.982833099365234375e+01
9.982333374023437500e+01
9.981833648681640625e+01
9.982333374023437500e+01
9.980166625976562500e+01
9.983000183105468750e+01
9.982166290283203125e+01
9.980500030517578125e+01
9.982833099365234375e+01
9.981666564941406250e+01
9.982833099365234375e+01
9.981500244140625000e+01
9.982499694824218750e+01
9.984166717529296875e+01
9.983333587646484375e+01
9.983833312988281250e+01
9.983333587646484375e+01
9.983333587646484375e+01
9.983333587646484375e+01
9.984166717529296875e+01
9.984999847412109375e+01
9.985166931152343750e+01
9.983833312988281250e+01
9.981166839599609375e+01
9.980500030517578125e+01
9.983333587646484375e+01
9.983000183105468750e+01
9.983000183105468750e+01
9.982833099365234375e+01
9.983000183105468750e+01
9.982499694824218750e+01
9.981333160400390625e+01
9.983833312988281250e+01
9.982499694824218750e+01
9.979333496093750000e+01
9.980000305175781250e+01
9.979833221435546875e+01
9.979166412353515625e+01
9.979333496093750000e+01
9.979499816894531250e+01
9.978166961669921875e+01
9.979166412353515625e+01
9.979166412353515625e+01
9.980666351318359375e+01
9.980333709716796875e+01
9.981999969482421875e+01
9.981833648681640625e+01
9.978666687011718750e+01
9.981500244140625000e+01
9.981500244140625000e+01
9.982166290283203125e+01
9.981166839599609375e+01
9.983000183105468750e+01
9.981999969482421875e+01
9.982166290283203125e+01
9.980333709716796875e+01
9.982333374023437500e+01
9.981999969482421875e+01
9.983999633789062500e+01
9.983333587646484375e+01
9.981833648681640625e+01
9.983999633789062500e+01
9.983666992187500000e+01
9.983166503906250000e+01
9.982333374023437500e+01
9.984500122070312500e+01
9.983000183105468750e+01
9.982166290283203125e+01
9.980999755859375000e+01
9.982333374023437500e+01
9.984666442871093750e+01
9.984500122070312500e+01
9.982499694824218750e+01
9.982499694824218750e+01
9.982666778564453125e+01
9.980500030517578125e+01
9.979833221435546875e+01
9.980999755859375000e+01
9.980166625976562500e+01
9.982166290283203125e+01
9.981333160400390625e+01
9.981500244140625000e+01
9.981833648681640625e+01
9.980500030517578125e+01
9.980333709716796875e+01
9.982333374023437500e+01
9.983999633789062500e+01
9.982333374023437500e+01
9.982333374023437500e+01
9.981166839599609375e+01
9.979666900634765625e+01
9.981500244140625000e+01
9.982333374023437500e+01
9.980166625976562500e+01
9.982833099365234375e+01
9.982499694824218750e+01
9.980166625976562500e+01
9.980333709716796875e+01
9.982333374023437500e+01
9.980166625976562500e+01
9.981333160400390625e+01
9.980666351318359375e+01
9.981999969482421875e+01
9.981166839599609375e+01
9.978333282470703125e+01
9.979333496093750000e+01
9.981333160400390625e+01
9.980999755859375000e+01
9.981833648681640625e+01
9.980333709716796875e+01
9.979833221435546875e+01
9.979499816894531250e+01
9.980000305175781250e+01
9.982333374023437500e+01
9.980999755859375000e+01
9.980166625976562500e+01
9.982166290283203125e+01
9.980833435058593750e+01
9.981666564941406250e+01
9.977999877929687500e+01
9.982333374023437500e+01
9.981333160400390625e+01
9.981999969482421875e+01
9.981500244140625000e+01
9.981999969482421875e+01
9.981666564941406250e+01
9.981999969482421875e+01
9.980500030517578125e+01
9.980000305175781250e+01
9.980666351318359375e+01
9.982166290283203125e+01
9.981333160400390625e+01
9.980999755859375000e+01
9.978833007812500000e+01
9.980333709716796875e+01
9.982833099365234375e+01
9.980833435058593750e+01
9.982333374023437500e+01
9.982666778564453125e+01
9.982666778564453125e+01
9.982333374023437500e+01
9.982833099365234375e+01
9.982333374023437500e+01
9.980500030517578125e+01
9.982666778564453125e+01
9.983499908447265625e+01
9.983499908447265625e+01
9.982833099365234375e+01
9.982166290283203125e+01
9.981833648681640625e+01
9.983166503906250000e+01
9.984833526611328125e+01
9.985166931152343750e+01
9.982833099365234375e+01
9.981833648681640625e+01
9.981666564941406250e+01
9.985832977294921875e+01
9.983333587646484375e+01
9.981833648681640625e+01
9.982666778564453125e+01
9.984333038330078125e+01
9.980500030517578125e+01
9.983833312988281250e+01
9.981833648681640625e+01
9.982499694824218750e+01
9.982499694824218750e+01
9.982833099365234375e+01
9.983999633789062500e+01
9.982666778564453125e+01
9.981999969482421875e+01
9.980833435058593750e+01
9.980999755859375000e+01
9.982833099365234375e+01
9.983000183105468750e+01
9.983166503906250000e+01
9.983499908447265625e+01
9.983333587646484375e+01
9.983833312988281250e+01
9.982333374023437500e+01
9.983999633789062500e+01
9.983666992187500000e+01
9.983166503906250000e+01
9.983499908447265625e+01
9.984166717529296875e+01
9.984999847412109375e+01
9.981500244140625000e+01
9.983000183105468750e+01
9.983166503906250000e+01
9.984333038330078125e+01
9.983333587646484375e+01
9.981666564941406250e+01
9.982666778564453125e+01
9.983999633789062500e+01
9.983833312988281250e+01
9.984833526611328125e+01
9.985333251953125000e+01
9.984666442871093750e+01
9.983833312988281250e+01
9.984333038330078125e+01
9.983000183105468750e+01
9.985333251953125000e+01
9.983666992187500000e+01
9.984166717529296875e+01
9.984999847412109375e+01
9.983833312988281250e+01
9.983166503906250000e+01
9.982333374023437500e+01
9.984166717529296875e+01
9.984333038330078125e+01
9.981666564941406250e+01
9.981666564941406250e+01
9.981166839599609375e+01
9.983499908447265625e+01
9.983666992187500000e+01
