9.920000076293945312e+00
1.748500061035156250e+01
2.708666610717773438e+01
3.119166755676269531e+01
4.000500106811523438e+01
5.052833175659179688e+01
5.053333282470703125e+01
5.280666732788085938e+01
6.560666656494140625e+01
6.209833145141601562e+01
5.507666778564453125e+01
5.853833389282226562e+01
6.119499969482421875e+01
5.830500030517578125e+01
6.704333496093750000e+01
6.605666351318359375e+01
6.335499954223632812e+01
6.213833236694335938e+01
6.975000000000000000e+01
6.972666931152343750e+01
7.480333709716796875e+01
7.602833557128906250e+01
7.414833068847656250e+01
7.396666717529296875e+01
7.493499755859375000e+01
6.905999755859375000e+01
7.526667022705078125e+01
6.632666778564453125e+01
6.446666717529296875e+01
7.390333557128906250e+01
7.630999755859375000e+01
7.095666503906250000e+01
7.779833221435546875e+01
7.283499908447265625e+01
7.121166992187500000e+01
6.935500335693359375e+01
7.042333221435546875e+01
7.203333282470703125e+01
7.346166992187500000e+01
7.078333282470703125e+01
7.470666503906250000e+01
7.570166778564453125e+01
7.897166442871093750e+01
7.561000061035156250e+01
7.050000000000000000e+01
7.828666687011718750e+01
7.572000122070312500e+01
7.802166748046875000e+01
7.588666534423828125e+01
7.849833679199218750e+01
7.391166687011718750e+01
7.581666564941406250e+01
7.693833160400390625e+01
7.764666748046875000e+01
7.800000000000000000e+01
7.624666595458984375e+01
7.372166442871093750e+01
7.530500030517578125e+01
7.732333374023437500e+01
7.879499816894531250e+01
7.105333709716796875e+01
6.832499694824218750e+01
6.966000366210937500e+01
7.473666381835937500e+01
7.936166381835937500e+01
7.497666931152343750e+01
7.648500061035156250e+01
6.987166595458984375e+01
7.102666473388671875e+01
7.731333160400390625e+01
7.348666381835937500e+01
7.341166687011718750e+01
6.839499664306640625e+01
7.326333618164062500e+01
7.126000213623046875e+01
7.036333465576171875e+01
7.096666717529296875e+01
6.998166656494140625e+01
7.170999908447265625e+01
7.119333648681640625e+01
6.448666381835937500e+01
7.027999877929687500e+01
6.981666564941406250e+01
7.215833282470703125e+01
7.265833282470703125e+01
7.455000305175781250e+01
7.155166625976562500e+01
7.028166961669921875e+01
7.092833709716796875e+01
7.013999938964843750e+01
6.867666625976562500e+01
7.058166503906250000e+01
6.889833068847656250e+01
6.697833251953125000e+01
7.176166534423828125e+01
6.886499786376953125e+01
6.861666870117187500e+01
7.095333099365234375e+01
7.313999938964843750e+01
7.426000213623046875e+01
6.661166381835937500e+01
7.199500274658203125e+01
7.037000274658203125e+01
7.310166931152343750e+01
7.226667022705078125e+01
7.477999877929687500e+01
7.212833404541015625e+01
7.155666351318359375e+01
7.481666564941406250e+01
7.054166412353515625e+01
7.411333465576171875e+01
7.018499755859375000e+01
7.150666809082031250e+01
6.818666839599609375e+01
7.074166870117187500e+01
7.360166931152343750e+01
7.216166687011718750e+01
7.337333679199218750e+01
7.192333221435546875e+01
7.225499725341796875e+01
7.212000274658203125e+01
7.444166564941406250e+01
7.394000244140625000e+01
7.072499847412109375e+01
6.929166412353515625e+01
7.095666503906250000e+01
7.211833190917968750e+01
6.914333343505859375e+01
7.147833251953125000e+01
7.347333526611328125e+01
7.347000122070312500e+01
7.319166564941406250e+01
7.809833526611328125e+01
7.652166748046875000e+01
7.196166992187500000e+01
7.153500366210937500e+01
7.486833190917968750e+01
7.311499786376953125e+01
7.230999755859375000e+01
6.475166320800781250e+01
7.411166381835937500e+01
7.376333618164062500e+01
6.983666992187500000e+01
7.023999786376953125e+01
7.010832977294921875e+01
7.388333129882812500e+01
7.291666412353515625e+01
7.172166442871093750e+01
6.979833221435546875e+01
6.968499755859375000e+01
6.937166595458984375e+01
6.789499664306640625e+01
6.834333038330078125e+01
6.791166687011718750e+01
7.165666961669921875e+01
7.406833648681640625e+01
7.243499755859375000e+01
7.105500030517578125e+01
7.327833557128906250e+01
7.369833374023437500e+01
6.825000000000000000e+01
7.388166809082031250e+01
7.312666320800781250e+01
7.158666992187500000e+01
7.290333557128906250e+01
7.269999694824218750e+01
6.789833068847656250e+01
6.768833160400390625e+01
7.028833007812500000e+01
6.834666442871093750e+01
6.893166351318359375e+01
7.072000122070312500e+01
7.159500122070312500e+01
6.817666625976562500e+01
7.269166564941406250e+01
7.369999694824218750e+01
7.092666625976562500e+01
7.152999877929687500e+01
7.063999938964843750e+01
7.098833465576171875e+01
7.123500061035156250e+01
7.333666992187500000e+01
6.951166534423828125e+01
6.928666687011718750e+01
6.869499969482421875e+01
6.868166351318359375e+01
6.822666931152343750e+01
6.874833679199218750e+01
6.958499908447265625e+01
7.168499755859375000e+01
7.039833068847656250e+01
6.904000091552734375e+01
6.915166473388671875e+01
6.351833343505859375e+01
6.943666839599609375e+01
6.277999877929687500e+01
6.819833374023437500e+01
6.152333450317382812e+01
6.811666870117187500e+01
6.807166290283203125e+01
6.887500000000000000e+01
6.687999725341796875e+01
6.292333221435546875e+01
6.337166595458984375e+01
6.512833404541015625e+01
6.694000244140625000e+01
7.055000305175781250e+01
6.778333282470703125e+01
7.133499908447265625e+01
7.278666687011718750e+01
7.124833679199218750e+01
6.880166625976562500e+01
6.721666717529296875e+01
7.019833374023437500e+01
6.729166412353515625e+01
6.886666870117187500e+01
6.880999755859375000e+01
6.703833007812500000e+01
6.513833618164062500e+01
6.575333404541015625e+01
6.694166564941406250e+01
6.927333068847656250e+01
6.969000244140625000e+01
6.694999694824218750e+01
6.804166412353515625e+01
7.161166381835937500e+01
7.068666839599609375e+01
7.009833526611328125e+01
7.122166442871093750e+01
6.931833648681640625e+01
6.864167022705078125e+01
7.213166809082031250e+01
7.232833099365234375e+01
7.388333129882812500e+01
7.127999877929687500e+01
7.558833312988281250e+01
7.333499908447265625e+01
7.129333496093750000e+01
7.200166320800781250e+01
7.264499664306640625e+01
7.212166595458984375e+01
7.277166748046875000e+01
7.068666839599609375e+01
6.876833343505859375e+01
7.048500061035156250e+01
7.193833160400390625e+01
7.171833038330078125e+01
6.916666412353515625e+01
6.586833190917968750e+01
6.673166656494140625e+01
6.827500152587890625e+01
6.197000122070312500e+01
6.849166870117187500e+01
7.393833160400390625e+01
6.883999633789062500e+01
