0.000000000000000000e+00
0.000000000000000000e+00
0.000000000000000000e+00
0.000000000000000000e+00
0.000000000000000000e+00
0.000000000000000000e+00
0.000000000000000000e+00
0.000000000000000000e+00
0.000000000000000000e+00
0.000000000000000000e+00
0.000000000000000000e+00
0.000000000000000000e+00
0.000000000000000000e+00
0.000000000000000000e+00
0.000000000000000000e+00
0.000000000000000000e+00
0.000000000000000000e+00
0.000000000000000000e+00
0.000000000000000000e+00
0.000000000000000000e+00
0.000000000000000000e+00
0.000000000000000000e+00
0.000000000000000000e+00
0.000000000000000000e+00
0.000000000000000000e+00
0.000000000000000000e+00
0.000000000000000000e+00
0.000000000000000000e+00
0.000000000000000000e+00
0.000000000000000000e+00
0.000000000000000000e+00
0.000000000000000000e+00
0.000000000000000000e+00
0.000000000000000000e+00
0.000000000000000000e+00
0.000000000000000000e+00
0.000000000000000000e+00
0.000000000000000000e+00
0.000000000000000000e+00
0.000000000000000000e+00
0.000000000000000000e+00
0.000000000000000000e+00
0.000000000000000000e+00
0.000000000000000000e+00
0.000000000000000000e+00
0.000000000000000000e+00
0.000000000000000000e+00
0.000000000000000000e+00
0.000000000000000000e+00
0.000000000000000000e+00
0.000000000000000000e+00
0.000000000000000000e+00
0.000000000000000000e+00
0.000000000000000000e+00
0.000000000000000000e+00
0.000000000000000000e+00
0.000000000000000000e+00
0.000000000000000000e+00
0.000000000000000000e+00
1.401298464324817071e-41
8.407790785948902426e-41
3.923635700109487799e-40
1.947804865411495729e-39
8.603972570954376815e-39
3.805926629106203165e-38
1.626767387234680138e-37
6.369321685687836740e-37
2.493666624363034112e-36
9.506814867064132627e-36
3.313347789152290595e-35
1.154761569209659412e-34
4.024645160553366641e-34
1.269715273992982541e-33
3.960513035672883532e-33
1.235359045500201849e-32
3.754935971445358518e-32
1.053853372553151621e-31
2.957770421979713907e-31
8.301223556071912153e-31
2.278337884549065964e-30
5.784258249435864377e-30
1.468511200629160876e-29
3.728265441079297519e-29
9.465344425408750828e-29
2.233063048184772371e-28
5.155593609020620080e-28
1.190299816899142859e-27
2.748130815468529537e-27
6.344807105134631319e-27
1.360595241850926558e-26
2.871800670543263776e-26
6.061354513709551107e-26
1.279356866717069473e-25
2.700289860537055291e-25
5.563381383427162656e-25
1.079140912135968946e-24
2.093216379594082532e-24
4.060256429550327279e-24
7.875705654383417964e-24
1.527655648686904787e-23
2.951256757442813056e-23
5.288469234971383938e-23
9.476536829499529027e-23
1.698110819820888488e-22
3.042897782169251733e-22
5.452684327018452182e-22
9.770722624806893811e-22
1.750852974471359753e-21
2.918000779815847071e-21
4.855607145132742167e-21
8.079787940112168790e-21
1.344486442946620042e-20
2.237233074389265965e-20
3.722782569227160514e-20
6.194802136319080365e-20
1.030822527346838310e-19
1.613276844291165713e-19
2.505793739243372105e-19
3.892064952339166917e-19
6.045188944950848558e-19
9.389511180775710186e-19
1.458409272425026363e-18
2.265231212344322352e-18
3.518389988027458007e-18
5.464835718461194129e-18
8.195869290936683702e-18
1.194349460135004344e-17
1.740481480220788720e-17
2.536349666993989064e-17
3.696143078013161890e-17
5.386232880753342674e-17
7.849189624409584273e-17
1.143837924183637475e-16
1.666866740129979035e-16
2.429072911137007424e-16
3.539812096464397054e-16
4.966956733469486338e-16
6.825718126055437072e-16
9.380074621629643991e-16
1.289043326493564089e-15
1.771436107372295014e-15
2.434342832497468460e-15
3.345361283862069088e-15
4.597280215068661260e-15
6.317674858193240983e-15
8.681942019689650736e-15
1.193098930470180147e-14
1.639586768220277491e-14
2.253161849805063177e-14
2.974508321400802513e-14
3.874313792961298075e-14
5.046315673814215363e-14
6.572880125376920346e-14
8.561246600969490972e-14
1.115102883078242235e-13
1.452427858972954455e-13
1.891802957777050098e-13
2.464074679974642690e-13
3.209483189197531727e-13
4.180370242676256787e-13
5.444935409666673554e-13
7.092086249868567727e-13
9.237482740537261705e-13
1.203191951452964314e-12
1.547134816093365117e-12
1.919624615515092003e-12
2.381804605974813249e-12
2.955250410704990394e-12
3.666787359857259787e-12
4.549607218740092662e-12
5.644996622922171525e-12
7.004092184709209690e-12
8.690438126068844582e-12
1.078279826538519615e-11
1.337892643893390243e-11
1.660011364479352380e-11
2.059677428611905725e-11
2.555567563122806973e-11
3.170873286162390059e-11
3.934310863207279851e-11
4.881539270029655597e-11
6.056847384749985963e-11
7.515099653687684622e-11
9.191655075957427812e-11
1.091860976631942037e-10
1.296997786948139719e-10
1.540681471290383797e-10
1.830148810277876237e-10
2.173994040344240375e-10
2.582450087107446279e-10
3.067648080001816879e-10
3.643992330104595112e-10
4.328635783146239646e-10
5.141911896267004067e-10
6.107965244694923967e-10
7.255546718987204713e-10
8.618739055776813984e-10
1.023801265986890030e-09
1.216155953720488014e-09
1.444650621351684094e-09
1.716069064627845364e-09
2.038488933209237075e-09
2.421485900683251202e-09
2.876430427178888749e-09
3.416862126570663349e-09
4.058831937214790742e-09
4.821397947551986363e-09
5.585702123056535129e-09
6.384062611886065497e-09
7.296490522890053398e-09
8.339308799065747735e-09
9.531204270274429291e-09
1.089342926974268266e-08
1.245037140051863389e-08
1.422981288357050289e-08
1.626360912609925435e-08
1.858801290666178829e-08
2.124470377395937248e-08
2.428114598274078162e-08
2.775142071698155632e-08
3.171773244048381457e-08
3.625084588065874414e-08
4.143199561212895787e-08
4.735375114250928164e-08
5.412157833006858709e-08
6.185701550975863938e-08
7.069765928235938190e-08
8.080210989191982662e-08
9.235057518708345015e-08
1.055497733659649384e-07
1.206352351346140495e-07
1.378764835635593045e-07
1.575824768451639102e-07
1.801049478444838314e-07
2.058460353282498545e-07
2.352661141458156635e-07
2.688915117232681951e-07
3.053816897136130137e-07
3.374817083567904774e-07
3.729552133791003143e-07
4.121589540773129556e-07
4.554827910396852531e-07
5.033606385040911846e-07
5.562721412388782483e-07
6.147432145553466398e-07
6.793615625610982534e-07
7.507737223022559192e-07
8.296924534079153091e-07
9.169050940727174748e-07
1.013283167594636325e-06
1.119798071158584207e-06
1.237502601725282148e-06
1.367582058264815714e-06
1.511337472948071081e-06
1.670204142101283651e-06
1.845759470597840846e-06
2.039783339569112286e-06
2.254193987027974799e-06
2.491142367944121361e-06
2.753007720457389951e-06
3.042382786588859744e-06
3.362187499078572728e-06
3.715601906151277944e-06
4.106165306438924745e-06
4.537782388069899753e-06
5.014787802792852744e-06
5.541893642657669261e-06
6.124438186816405505e-06
6.768217645003460348e-06
7.479655323550105095e-06
8.265858923550695181e-06
9.134754691331181675e-06
1.009493007586570457e-05
1.115605300583411008e-05
1.232873819390079007e-05
1.362469265586696565e-05
1.505678665125742555e-05
1.663953662500716746e-05
1.809556306398008019e-05
1.943130155268590897e-05
2.086563836201094091e-05
2.240581125079188496e-05
2.405971463304013014e-05
2.583569948910735548e-05
2.774278436845634133e-05
2.979064083774574101e-05
3.198959893779829144e-05
3.435093822190538049e-05
3.688658398459665477e-05
3.960932008340023458e-05
4.253311635693535209e-05
4.567273208522237837e-05
4.904410161543637514e-05
5.266433072392828763e-05
5.655168206430971622e-05
6.072609176044352353e-05
6.520863826153799891e-05
7.002193160587921739e-05
7.519066275563091040e-05
8.074092329479753971e-05
8.670087845530360937e-05
9.310077439295127988e-05
9.997289453167468309e-05
1.073524763341993093e-04
1.152767872554250062e-04
1.237857941305264831e-04
1.329231454292312264e-04
1.427349779987707734e-04
1.532710884930565953e-04
1.645849115448072553e-04
1.767335488693788648e-04
1.897792681120336056e-04
2.037879894487559795e-04
2.188303333241492510e-04
2.349834830965846777e-04
2.523289876990020275e-04
2.709548571147024632e-04
2.909556205850094557e-04
3.124321519862860441e-04
3.354945802129805088e-04
3.602593787945806980e-04
3.868514613714069128e-04
4.154072667006403208e-04
4.460708878468722105e-04
4.789979720953851938e-04
5.143556045368313789e-04
5.523220752365887165e-04
5.930922343395650387e-04
6.368718459270894527e-04
6.838804110884666443e-04
7.343616452999413013e-04
7.885691593401134014e-04
8.467779844067990780e-04
9.092818945646286011e-04
9.764012647792696953e-04
1.032113679684698582e-03
1.082174130715429783e-03
1.134660560637712479e-03
1.189692411571741104e-03
1.247393549419939518e-03
1.307893195189535618e-03
1.371327205561101437e-03
1.437840401194989681e-03
1.507576904259622097e-03
1.580695505253970623e-03
1.657360699027776718e-03
1.737744081765413284e-03
1.822026097215712070e-03
1.910399645566940308e-03
2.003055531531572342e-03
2.100205514580011368e-03
2.202067058533430099e-03
2.308869268745183945e-03
2.420851495116949081e-03
2.538264729082584381e-03
2.661377657204866409e-03
2.790456870570778847e-03
2.925796434283256531e-03
3.067699959501624107e-03
3.216485958546400070e-03
3.372488310560584068e-03
3.536056960001587868e-03
3.707565367221832275e-03
3.887385595589876175e-03
4.075926728546619415e-03
4.273612983524799347e-03
4.480886738747358322e-03
4.698213655501604080e-03
4.926080815494060516e-03
5.165009759366512299e-03
5.415516905486583710e-03
5.678174551576375961e-03
5.953570362180471420e-03
6.242323666810989380e-03
6.545081268996000290e-03
6.862523499876260757e-03
7.195375394076108932e-03
7.544356863945722580e-03
7.910264655947685242e-03
8.293919265270233154e-03
8.696181699633598328e-03
9.117953479290008545e-03
9.560181759297847748e-03
1.002387795597314835e-02
1.051004417240619659e-02
1.101979054510593414e-02
1.155425980687141418e-02
1.211465150117874146e-02
1.270222105085849762e-02
1.331829000264406204e-02
1.396426465362310410e-02
1.464154385030269623e-02
1.535166986286640167e-02
1.609623990952968597e-02
1.687692105770111084e-02
1.769546605646610260e-02
1.855371147394180298e-02
1.945361867547035217e-02
2.039713598787784576e-02
2.138641290366649628e-02
2.242367155849933624e-02
2.351123839616775513e-02
2.465155348181724548e-02
2.584717608988285065e-02
2.710083685815334320e-02
2.841524966061115265e-02
2.979341335594654083e-02
3.123841993510723114e-02
3.275350853800773621e-02
3.434208407998085022e-02
3.600770235061645508e-02
3.775417804718017578e-02
3.958528861403465271e-02
4.150521010160446167e-02
4.351824522018432617e-02
4.562891647219657898e-02
4.784195870161056519e-02
5.016233026981353760e-02
5.259534716606140137e-02
5.514626577496528625e-02
5.750761553645133972e-02
5.916110798716545105e-02
6.086214259266853333e-02
6.261202692985534668e-02
6.441228836774826050e-02
6.626418232917785645e-02
6.816945225000381470e-02
7.012936472892761230e-02
7.214577496051788330e-02
7.422007620334625244e-02
7.635410130023956299e-02
7.854940742254257202e-02
8.080790936946868896e-02
8.313134312629699707e-02
8.552142232656478882e-02
8.798022568225860596e-02
9.050988405942916870e-02
9.311228245496749878e-02
9.578941017389297485e-02
9.854360669851303101e-02
1.013768985867500305e-01
1.042917519807815552e-01
1.072904095053672791e-01
1.103750765323638916e-01
1.135484427213668823e-01
1.168132498860359192e-01
1.201719343662261963e-01
1.236270815134048462e-01
1.271816790103912354e-01
1.308383643627166748e-01
1.346003115177154541e-01
1.384704113006591797e-01
1.424515247344970703e-01
1.465470939874649048e-01
1.507607102394104004e-01
1.550954729318618774e-01
1.595547348260879517e-01
1.641423404216766357e-01
1.688617020845413208e-01
1.737169325351715088e-01
1.787117421627044678e-01
1.838498264551162720e-01
1.891356259584426880e-01
1.945737749338150024e-01
2.001682668924331665e-01
2.059234231710433960e-01
2.118442654609680176e-01
2.179351449012756348e-01
2.242013365030288696e-01
2.306477129459381104e-01
2.372789829969406128e-01
2.441009134054183960e-01
2.511194646358489990e-01
2.583397924900054932e-01
2.657674849033355713e-01
2.734090089797973633e-01
2.812699377536773682e-01
2.893571853637695312e-01
2.976769804954528809e-01
3.062353730201721191e-01
3.150398731231689453e-01
3.240980803966522217e-01
3.334167599678039551e-01
3.430030047893524170e-01
3.528652489185333252e-01
3.630107045173645020e-01
3.734481930732727051e-01
3.841850757598876953e-01
3.952313959598541260e-01
4.065946042537689209e-01
4.182852208614349365e-01
4.303116202354431152e-01
4.426842033863067627e-01
4.554121196269989014e-01
4.685063958168029785e-01
4.819771945476531982e-01
4.958343207836151123e-01
5.100908875465393066e-01
5.247573256492614746e-01
5.398439168930053711e-01
5.553658604621887207e-01
5.713340640068054199e-01
5.877608656883239746e-01
6.046605110168457031e-01
6.220460534095764160e-01
6.399303078651428223e-01
6.583299636840820312e-01
6.772586703300476074e-01
6.967296004295349121e-01
7.167624235153198242e-01
7.373712062835693359e-01
7.585719227790832520e-01
7.803828120231628418e-01
8.028208613395690918e-01
8.259024620056152344e-01
8.496493101119995117e-01
8.740789890289306641e-01
8.992084860801696777e-01
9.250630736351013184e-01
9.516610503196716309e-01
9.790228009223937988e-01
