1.039799108986937673e-50
5.688576484910336904e-50
3.112130232175540150e-49
1.702597232842476401e-48
9.314640201468885562e-48
5.095892346657249025e-47
2.787882113216230285e-46
1.525206214823120724e-45
8.344161995613810476e-45
4.564959067985394957e-44
2.497416912966997964e-43
1.366297297365725763e-42
7.474796439057971713e-42
4.089342920686255367e-41
2.237214840471903165e-40
1.223944858502544832e-39
6.696008758545638978e-39
3.663280496915186998e-38
2.004122826445302865e-37
1.096423903891997591e-36
5.998361782835543498e-36
3.281608869531286286e-35
1.795316315098238044e-34
9.821891637312563882e-34
5.373401585214825000e-33
2.939703028925805910e-32
1.608265036816559382e-31
8.798563675296499996e-31
4.813555040746500122e-30
2.633419838211858215e-29
1.440702346931549161e-28
7.881854698351062945e-28
4.312038056870829632e-27
2.359047827637796027e-26
1.290597759037680090e-25
7.060656236465337164e-25
3.738697176784039455e-24
1.805223409616421401e-23
8.113965884881290397e-23
3.366551126055440142e-22
1.309869385002396055e-21
4.800132431486424466e-21
1.654051738610545692e-20
5.390133754546404403e-20
1.671267662752553059e-19
4.944081701520719081e-19
1.399304813222304041e-18
3.799412591991328161e-18
9.923951127398330420e-18
2.500341509441192178e-17
6.093106824600342704e-17
1.428450216446314179e-16
3.249127867035693129e-16
7.193403316127209159e-16
1.554285910756214099e-15
3.257203275032853648e-15
6.646398138228363976e-15
1.331873389704087967e-14
2.601901783333587594e-14
4.963627558707292887e-14
9.356678785387636310e-14
1.710204277586305865e-13
3.093551429335373745e-13
5.476773556458724296e-13
9.548440372853689533e-13
1.638832316971638545e-12
2.765934820591797872e-12
4.606500587617644376e-12
7.559086450693415072e-12
1.222691949066524728e-11
1.959232922586255222e-11
3.080652526904580501e-11
4.841180694931001680e-11
7.406381212146329564e-11
1.133080670115659331e-10
1.707859165532697632e-10
2.544444456485699354e-10
3.790826388264592937e-10
5.513483377288269548e-10
8.006448788108556592e-10
1.158714436920485319e-09
1.641529602219221662e-09
2.325525038009791207e-09
3.283679741305704656e-09
4.542298761205896341e-09
6.283340539125911075e-09
8.691715452054895773e-09
1.177178451348806192e-08
1.591411822296679946e-08
2.151408382683037760e-08
2.879139896044944526e-08
3.807235616901112371e-08
5.034504597193190887e-08
6.657385854093658684e-08
8.668882292755403573e-08
1.122268195909073446e-07
1.452881537682845551e-07
1.880891546454113527e-07
2.401096313487656925e-07
3.045846498337217927e-07
3.863727098042826830e-07
4.901227654217071802e-07
6.179870670153368468e-07
7.688107377532403936e-07
9.564438837520448830e-07
1.189870091357005394e-06
1.480265448247633746e-06
1.822956444586256203e-06
2.226040614892779182e-06
2.718252997140003903e-06
3.319301232433445340e-06
4.053250629439787302e-06
4.919713106831713923e-06
5.901830755120444532e-06
7.080007615427250372e-06
8.493382801771771998e-06
1.018890873227952584e-05
1.222291089164921700e-05
1.450700995465788676e-05
1.711144922659288477e-05
2.018346272246493474e-05
2.380699390651473663e-05
2.808105658866903408e-05
3.312244049931263004e-05
3.885124786907684439e-05
4.509680090454170536e-05
5.234636114333340840e-05
6.076132829795329927e-05
7.052904797761403030e-05
8.186698263467888522e-05
9.502755301381807143e-05
1.096440046797396238e-04
1.253503913916377251e-04
1.433067012458374935e-04
1.638352333324577450e-04
1.873044557424723600e-04
2.141356192278425950e-04
2.448103182613925910e-04
2.798791352104572187e-04
3.169499474645598967e-04
3.571888133179589703e-04
4.025362659943575042e-04
4.536408739554813351e-04
5.112335456651227218e-04
5.761379831901570049e-04
6.492824629545175443e-04
7.317131121367916524e-04
8.245056617617388395e-04
9.167092115053435478e-04
1.019223781511873102e-03
1.133202441691955184e-03
1.259927208479926777e-03
1.400823464779947644e-03
1.557475992478624246e-03
1.731646797855666614e-03
1.925294930390356041e-03
2.140598517883070696e-03
2.371927326400457680e-03
2.603949863076065845e-03
2.858668903529934004e-03
3.138304625556572868e-03
3.445294385309238729e-03
3.782313961742381301e-03
4.152300879191008452e-03
4.558480011370540097e-03
5.004391689966664926e-03
5.493922562814498173e-03
6.031339470632678806e-03
6.604324592852307135e-03
7.164954927549623334e-03
7.773176256263661897e-03
8.433028500795488810e-03
9.148894525313710363e-03
9.925529248172191774e-03
1.076809122498255389e-02
1.168217691272219194e-02
1.267385784246646135e-02
1.374972094765337070e-02
1.491691231574883425e-02
1.618318465391945307e-02
1.755694878398880027e-02
1.892635370427589794e-02
2.030786809530291462e-02
2.179022504916244829e-02
2.338078548988446054e-02
2.508744764639338209e-02
2.691868627265858391e-02
2.888359473068959071e-02
3.099193014534596183e-02
3.325416185518794560e-02
3.568152339995830924e-02
3.828606830285059132e-02
4.108072992455952949e-02
4.407938568633212872e-02
4.729692598092861272e-02
5.074932811368756957e-02
5.390998644564071879e-02
5.725789782504767111e-02
6.081372078713809248e-02
6.459036703157085280e-02
6.860155009879569110e-02
7.286183516587295406e-02
7.738669193470712471e-02
8.219255080473503172e-02
8.729686253404929375e-02
9.271816160558560282e-02
9.847613352846901202e-02
1.045916863189043783e-01
1.110870264201582469e-01
1.179857393373195118e-01
1.253128752796270895e-01
1.330950401213473466e-01
1.413604920114936714e-01
1.488133939956804153e-01
1.565782267933008010e-01
1.647482155164464168e-01
1.733445005203929079e-01
1.823893252286237221e-01
1.919060936890764901e-01
2.019194311335758829e-01
2.124552476971591497e-01
2.235408054621634832e-01
2.352047890005629083e-01
2.474773795970905965e-01
2.603903333451939028e-01
2.739770633179056669e-01
2.882727260262510360e-01
3.033143123889200377e-01
3.191407434485688532e-01
3.357929710824480440e-01
3.533140839679385636e-01
3.717494190771888363e-01
3.911466789893608964e-01
4.087587400183291808e-01
4.264143622868993844e-01
4.448325884270747377e-01
4.640463577856617228e-01
4.840900324672159916e-01
5.049994587875872298e-01
5.268120313818422940e-01
5.495667600812185194e-01
5.733043396787111945e-01
5.980672227080636727e-01
6.238996953663179523e-01
6.508479567157150480e-01
6.789602013065660913e-01
7.082867053688964853e-01
7.388799167269779478e-01
7.707945485975493671e-01
8.040876774395189219e-01
