3.791314547750968617e-10
6.646861634043815073e-10
1.165315328645889356e-09
2.043009001754895983e-09
3.581765105674553526e-09
6.279483478148210723e-09
1.100907278644944110e-08
1.930090015191569969e-08
3.383797653992627020e-08
5.932410650821161209e-08
1.040059120806190840e-07
1.823412164871665998e-07
3.196772045443681533e-07
5.604520857877130185e-07
9.825740966156506232e-07
1.722630497454788947e-06
3.020083514294077786e-06
5.294753835362350573e-06
9.282663225833729428e-06
1.627419125488929630e-05
2.853160720768566059e-05
5.002107921086968275e-05
8.769601891708707602e-05
1.537470173621301021e-04
2.695463903566716938e-04
4.725636815651629860e-04
8.284897929403585177e-04
1.446264968778561552e-03
2.445327164808940544e-03
3.996737550954778534e-03
6.337124912094759498e-03
9.773403403226472996e-03
1.467684054344397561e-02
2.157714359264793422e-02
3.098689437894126472e-02
4.369393830962309960e-02
6.056492331719755262e-02
8.244154613436899259e-02
1.105327676369836365e-01
1.461432807078963392e-01
1.907153890043136457e-01
2.458593869525272091e-01
3.133689712598785038e-01
3.952447867909724688e-01
4.937293108484741566e-01
6.107375938085266576e-01
7.480933855819518197e-01
9.093600709728185683e-01
