1.156319437196333808e-50
6.326040773288011346e-50
3.460876863086612188e-49
1.893390999315818589e-48
1.035844272452069764e-47
5.666940199670745347e-47
3.100293362690754067e-46
1.696121468743056925e-45
9.279212320198678577e-45
5.076510313093142000e-44
2.777278509172950313e-43
1.519405150743091988e-42
8.312425291448537760e-42
4.547596419040797455e-41
2.487918082313271008e-40
1.361100637335522603e-39
7.446366333865056701e-39
4.073789259746855034e-38
2.228705678547281452e-37
1.219289630582794350e-36
6.670540742803739132e-36
3.649347348269979115e-35
1.996500221169067018e-34
1.092253697094033131e-33
5.975547240946471810e-33
3.269127394467305824e-32
1.788487897480640520e-31
9.784534444415366220e-31
5.352964055770787774e-30
2.928521979778974042e-29
1.602148061652456541e-28
8.765098671550288515e-28
4.795246866433589528e-27
2.623403725582224110e-26
1.435222690112988223e-25
7.851876362483814354e-25
4.135589647679674134e-24
1.987288887363828679e-23
8.888710139239977373e-23
3.670647207985686923e-22
1.423786186663479144e-21
5.201809920931501917e-21
1.781946568372748314e-20
5.790352143386891496e-20
1.790343663066597962e-19
5.281850352972329130e-19
1.490897987330085657e-18
4.037497568279259342e-18
1.051878784393617689e-17
2.643569274075315305e-17
6.426365716342271057e-17
1.506578460336524414e-16
3.418642530216418378e-16
7.551034783060594024e-16
1.627844933921433615e-15
3.411355538463845138e-15
6.945497925814615767e-15
1.388799940661360016e-14
2.713111524139046659e-14
5.164882009693357831e-14
9.716103046153328699e-14
1.775899480160709398e-13
3.205985514075755326e-13
5.675825046701058546e-13
9.876318121486814289e-13
1.695107125159530940e-12
2.855535186782238072e-12
4.755724689514092839e-12
7.789728048047261898e-12
1.259998523881332087e-11
2.015444579034225964e-11
3.169038435226978340e-11
4.971554628001222258e-11
7.605836491610683812e-11
1.163594751856812905e-10
1.750948458753863318e-10
2.608640799769279109e-10
3.886315684014934686e-10
5.643544265801700357e-10
8.195317742988919587e-10
1.184216033547673595e-09
1.677657248888271663e-09
2.376706415902490041e-09
3.350950210299995866e-09
4.635353684965606140e-09
6.412062978041275520e-09
8.869776597138541658e-09
1.199571311728673465e-08
1.621684431095061124e-08
2.192333518101790379e-08
2.929860577897440878e-08
3.874306198197839944e-08
5.123195496273794265e-08
6.774666417757357841e-08
8.809909617473177089e-08
1.140525507052537050e-07
1.476517340946951258e-07
1.911490312699020656e-07
2.437057257913530316e-07
3.091463792421226005e-07
3.921593696175080618e-07
4.974632779326692336e-07
6.264795367402279621e-07
7.793758486803600059e-07
9.695874771374961007e-07
1.206221462229863480e-06
1.500607475087703897e-06
1.845859290528330559e-06
2.254007638139602365e-06
2.752403966467847945e-06
3.361003515001702356e-06
4.104173938664390338e-06
4.975998187191940812e-06
5.969351972539245553e-06
7.161008029258743930e-06
8.590553251175489451e-06
1.030547722607713423e-05
1.236274984299328630e-05
1.465749363633689386e-05
1.728894919981487283e-05
2.039282921418181658e-05
2.405394790351080917e-05
2.837234616481947090e-05
3.346602520822985279e-05
3.921491429369612603e-05
4.551892871886526013e-05
5.283634833918813558e-05
6.133008364634515088e-05
7.118923389484003192e-05
8.263329709050925046e-05
9.591705675797797996e-05
1.105652595608023992e-04
1.264036150516995147e-04
1.445107980717188015e-04
1.652118157442219418e-04
1.888782321163067694e-04
2.159348373884640269e-04
2.468672725042771795e-04
2.822307459544591318e-04
3.193264419274208579e-04
3.598670192739354093e-04
4.055544876880027476e-04
4.570422786053580824e-04
5.150667808501147157e-04
5.804578726170168826e-04
6.541507905576263507e-04
7.371995057245108937e-04
8.299864728743177244e-04
9.228029356196042719e-04
1.025998960006073955e-03
1.140735280850341607e-03
1.268302436650617804e-03
1.410135285387857521e-03
1.567829143612743843e-03
1.743157730348810462e-03
1.938093117642258889e-03
2.154827912159541260e-03
2.385803003548707477e-03
2.619182862505742889e-03
2.875391998853154413e-03
3.156663578334103788e-03
3.465449215534914355e-03
3.804440342606733427e-03
4.176591668280858934e-03
4.585146931651159878e-03
5.033667175197816673e-03
5.526061783485640595e-03
6.066622558075769438e-03
6.638041692913209356e-03
7.201534217199560307e-03
7.812860702104972715e-03
8.476081694468859049e-03
9.195602434323893459e-03
9.976202115338674362e-03
1.082306562913140646e-02
1.174181800430659610e-02
1.273856176896558459e-02
1.381991748485922496e-02
1.499306772241890823e-02
1.626580476875615078e-02
1.764658238551632119e-02
1.900987619606541584e-02
2.039748724607829897e-02
2.188638587977969480e-02
2.348396550514906395e-02
2.519815920620063418e-02
2.703747913621394952e-02
2.901105878644158476e-02
3.112869834018959156e-02
3.340091333748163721e-02
3.583898689196401283e-02
3.845502571934202724e-02
4.126202025556798686e-02
4.427390916331017112e-02
4.750564854702009343e-02
5.094932469897107269e-02
5.411337342498551140e-02
5.747391551768810114e-02
6.104315358408559516e-02
6.483404803599060462e-02
6.886036415112384290e-02
7.313672205679921934e-02
7.767864981768594912e-02
8.250263982042557731e-02
8.762620865983618279e-02
9.306796074416205655e-02
9.884765585033261637e-02
1.049862808745240655e-01
1.115061260385707687e-01
1.184308658289350835e-01
1.257856449621393424e-01
1.335971696888134941e-01
1.418839456836955282e-01
1.492872115142729050e-01
1.570767673136983511e-01
1.652727690433334062e-01
1.738964243687301514e-01
1.829700475357841083e-01
1.925171171102412482e-01
2.025623367299497490e-01
2.131316990270625822e-01
2.242525528855919548e-01
2.359536742083578886e-01
2.482653403764265576e-01
2.612194085937203369e-01
2.748493983195258172e-01
2.891905780021791772e-01
3.042800563383774026e-01
3.201568782942459390e-01
3.368621261366202546e-01
3.544390257359768537e-01
3.729330584160662765e-01
3.923920786396753457e-01
4.098404786219697060e-01
4.275428247065934939e-01
4.460097928167284786e-01
4.652744094698230692e-01
4.853711277062637830e-01
5.063358887055462443e-01
5.282061860638497253e-01
5.510211328479758253e-01
5.748215315455745822e-01
5.996499470367117057e-01
6.255507827173715230e-01
6.525703599109295983e-01
6.807570007096931386e-01
7.101611143946411353e-01
7.408352875878955190e-01
7.728343782991862199e-01
8.062156140344853839e-01
