2.807252908220704762e-10
3.709172591455417031e-10
4.900862787572718512e-10
6.475421531460900380e-10
8.555857576023856365e-10
1.130470016593491372e-09
1.493669625822351694e-09
1.973558713062763810e-09
2.607627501136046596e-09
3.445411144687224015e-09
4.552359549346367304e-09
6.014950493929067903e-09
7.947445506498299154e-09
1.050081628144906380e-08
1.387453899326319008e-08
1.833217791036491100e-08
2.422197574279414330e-08
3.200405929689284554e-08
4.228638581572945427e-08
5.587223822980240306e-08
7.382297977441733078e-08
9.754097053278700286e-08
1.288791235676337248e-07
1.702856594601777809e-07
2.249953678694156525e-07
2.972823179777622784e-07
3.927937602409844134e-07
5.189913047428326838e-07
6.857338421909187916e-07
9.060477469057452144e-07
1.197144532126532866e-06
1.581765459596192399e-06
2.089958147933223430e-06
2.761423973202409507e-06
3.648619646913929919e-06
4.820855275044194311e-06
6.369709049442519953e-06
8.416181581841345106e-06
1.112014879623508894e-05
1.469285186493736928e-05
1.941339993562691852e-05
2.565057488668866177e-05
3.389164155682852065e-05
4.478041418138481509e-05
5.916755288745649132e-05
7.817701954496949124e-05
1.032938846830393253e-04
1.364803451834786102e-04
1.803290163648965942e-04
2.382654740462044273e-04
3.148158697188658010e-04
4.159605256430326764e-04
5.496011336650204974e-04
7.261780565810193417e-04
9.594859572855180463e-04
1.267751474841466398e-03
1.664435960177007264e-03
2.165309705997017168e-03
2.792424850714588565e-03
3.571410009118420985e-03
4.531922837457593584e-03
5.708175694629980500e-03
7.139556758883838609e-03
8.871374848488810042e-03
1.095576317594985742e-02
1.343565577623469925e-02
1.637381330395473039e-02
1.985215463075211753e-02
2.395616220999338339e-02
2.873347332433267426e-02
3.428038785178560977e-02
4.074618424738168931e-02
4.818862759806620544e-02
5.670105223908757097e-02
6.653512810811174072e-02
7.763331253127600529e-02
9.029592598013584659e-02
1.046717775618355023e-01
1.207584964545324741e-01
1.390933573696699344e-01
1.592830971126323603e-01
1.822895413517677254e-01
2.073926454923183116e-01
2.358902272565043257e-01
2.667823020735937134e-01
3.017199886890326588e-01
3.393345939167112246e-01
3.815515475500999565e-01
4.271429727205691695e-01
4.775719538071138137e-01
5.325471209293991537e-01
5.921427354083868000e-01
6.581837760137091431e-01
7.279148893720951419e-01
8.050336478645598870e-01
8.879020798916652524e-01
9.768451306969873071e-01
