3.138002519850899740e-10
4.604422210587625726e-10
6.756114362317307540e-10
9.913313590519941364e-10
1.454590332160695084e-09
2.134334816603315967e-09
3.131730638274221921e-09
4.595219416564613947e-09
6.742611011401909317e-09
9.893499989836420448e-09
1.451683062887270205e-08
2.130068951572922836e-08
3.125471292219178718e-08
4.586035016036817295e-08
6.729134649444366548e-08
9.873725990318386560e-08
1.448781604332116988e-07
2.125811612667070818e-07
3.119224456631221147e-07
4.576868972241384019e-07
6.715685222502274123e-07
9.853991512815515415e-07
1.445885944881444550e-06
2.121562782844705757e-06
3.112990106505842986e-06
4.567721248489003459e-06
6.702262676740972460e-06
9.834296478335775876e-06
1.442996072944653721e-05
2.117322445098858270e-05
3.106768216888514730e-05
4.558591808163646892e-05
6.688866958433398364e-05
9.814640808044922549e-05
1.440111976954332532e-04
2.113090582456518107e-04
3.100558762874616996e-04
4.549480614722468301e-04
6.675498013959942989e-04
9.795024423266262149e-04
1.433532663934635951e-03
2.064981837602739359e-03
2.927596213126678389e-03
4.082017595640313398e-03
5.614418980577629004e-03
7.621875960595277978e-03
1.021895218898249795e-02
1.353760272890177849e-02
1.772703585499716197e-02
2.297553821295073018e-02
2.949089918096936200e-02
3.749834740236267921e-02
4.724067149204110722e-02
5.902193351062088450e-02
7.317449808232151520e-02
9.007616157262073042e-02
1.101584872990688246e-01
1.337751226232263280e-01
1.612363578639830486e-01
1.933310748077333718e-01
2.307508671126125843e-01
2.732532183862945163e-01
3.222472877316834849e-01
3.785640232327537880e-01
4.415388025813654083e-01
5.137185378486033294e-01
5.942792883410494831e-01
6.850294930292170070e-01
7.866136761596690397e-01
8.992122252786401981e-01
