5.445900181465717266e-10
1.342531860086445057e-09
3.309630612550213859e-09
8.158953330779233898e-09
2.011357980597701756e-08
4.958431262074256589e-08
1.222360256994592357e-07
3.013381690512400396e-07
7.428635838538672823e-07
1.831318966175748455e-06
4.514596258005230983e-06
1.112945355191549828e-05
2.743650357318409749e-05
6.763689922510034754e-05
1.667395455322394490e-04
4.110489446266673728e-04
1.013324309715286095e-03
2.389751419221916584e-03
5.163598255295050003e-03
1.035607489932729650e-02
1.949024829191956659e-02
3.471467261756437661e-02
5.886325537769281774e-02
9.568840697761911429e-02
1.496751575256952960e-01
2.267164062334841856e-01
3.333843156703437671e-01
4.775274885019710203e-01
6.670696414523448192e-01
9.128516231375286560e-01
