1.044166660308837891e+01
6.195833206176757812e+01
7.781333160400390625e+01
8.418166351318359375e+01
8.790333557128906250e+01
9.026333618164062500e+01
9.158666992187500000e+01
9.275000000000000000e+01
9.348833465576171875e+01
9.390666961669921875e+01
9.427999877929687500e+01
9.472333526611328125e+01
9.493333435058593750e+01
9.512500000000000000e+01
9.530833435058593750e+01
9.543166351318359375e+01
9.563333129882812500e+01
9.571666717529296875e+01
9.589333343505859375e+01
9.588500213623046875e+01
9.607666778564453125e+01
9.613999938964843750e+01
9.622000122070312500e+01
9.631999969482421875e+01
9.629333496093750000e+01
9.640000152587890625e+01
9.646166992187500000e+01
9.646666717529296875e+01
9.654333496093750000e+01
9.656833648681640625e+01
