1.771999931335449219e+01
6.369166564941406250e+01
7.937999725341796875e+01
8.548332977294921875e+01
8.894999694824218750e+01
9.066666412353515625e+01
9.148999786376953125e+01
9.251166534423828125e+01
9.301166534423828125e+01
9.340000152587890625e+01
9.393499755859375000e+01
9.427166748046875000e+01
9.450000000000000000e+01
9.480666351318359375e+01
9.494666290283203125e+01
9.527833557128906250e+01
9.534833526611328125e+01
9.548833465576171875e+01
9.569166564941406250e+01
9.575000000000000000e+01
9.595500183105468750e+01
9.610166931152343750e+01
9.615000152587890625e+01
9.623000335693359375e+01
9.632333374023437500e+01
9.636833190917968750e+01
9.644833374023437500e+01
9.649666595458984375e+01
9.655666351318359375e+01
9.665166473388671875e+01
9.668499755859375000e+01
9.679666900634765625e+01
9.680166625976562500e+01
9.671333312988281250e+01
9.686833190917968750e+01
9.691000366210937500e+01
9.695666503906250000e+01
9.701833343505859375e+01
9.706166839599609375e+01
9.707833099365234375e+01
9.711166381835937500e+01
9.712166595458984375e+01
9.710666656494140625e+01
9.721833038330078125e+01
9.726499938964843750e+01
9.720500183105468750e+01
9.726333618164062500e+01
9.724333190917968750e+01
