9.736666679382324219e+00
6.603166961669921875e+01
8.125333404541015625e+01
8.781333160400390625e+01
9.056500244140625000e+01
9.181166839599609375e+01
9.281999969482421875e+01
9.319999694824218750e+01
9.382166290283203125e+01
9.400833129882812500e+01
9.444000244140625000e+01
9.477999877929687500e+01
9.494499969482421875e+01
9.534833526611328125e+01
9.556166839599609375e+01
9.559833526611328125e+01
9.580833435058593750e+01
9.601667022705078125e+01
9.606666564941406250e+01
9.616500091552734375e+01
9.632666778564453125e+01
9.640333557128906250e+01
9.640333557128906250e+01
9.652999877929687500e+01
9.658166503906250000e+01
9.664167022705078125e+01
9.666833496093750000e+01
9.680666351318359375e+01
9.679000091552734375e+01
9.682833099365234375e+01
9.690166473388671875e+01
9.685166931152343750e+01
9.703666687011718750e+01
9.702166748046875000e+01
9.703333282470703125e+01
9.705999755859375000e+01
9.717166900634765625e+01
9.717166900634765625e+01
9.718666839599609375e+01
9.732166290283203125e+01
9.727833557128906250e+01
9.737166595458984375e+01
9.737500000000000000e+01
9.745333099365234375e+01
9.748500061035156250e+01
9.736000061035156250e+01
9.748332977294921875e+01
9.754166412353515625e+01
9.764499664306640625e+01
9.753333282470703125e+01
9.760166931152343750e+01
9.766500091552734375e+01
9.766333007812500000e+01
9.766500091552734375e+01
9.764333343505859375e+01
9.770666503906250000e+01
9.773000335693359375e+01
9.772000122070312500e+01
9.769499969482421875e+01
9.773332977294921875e+01
9.779499816894531250e+01
9.785666656494140625e+01
9.791833496093750000e+01
9.786000061035156250e+01
9.784666442871093750e+01
9.790666961669921875e+01
9.792166900634765625e+01
9.789666748046875000e+01
9.792333221435546875e+01
9.796166992187500000e+01
