2.737666702270507812e+01
6.185833358764648438e+01
7.993166351318359375e+01
8.677500152587890625e+01
8.958499908447265625e+01
9.143166351318359375e+01
9.258999633789062500e+01
9.312500000000000000e+01
9.377999877929687500e+01
9.402999877929687500e+01
9.448500061035156250e+01
9.483999633789062500e+01
9.506500244140625000e+01
9.524500274658203125e+01
9.564167022705078125e+01
9.575833129882812500e+01
9.573666381835937500e+01
9.585832977294921875e+01
9.598000335693359375e+01
9.618833160400390625e+01
9.627999877929687500e+01
9.626833343505859375e+01
9.627833557128906250e+01
9.644333648681640625e+01
9.648666381835937500e+01
9.655500030517578125e+01
9.663833618164062500e+01
9.668166351318359375e+01
9.670333099365234375e+01
9.679833221435546875e+01
9.678666687011718750e+01
9.684666442871093750e+01
9.688500213623046875e+01
9.701166534423828125e+01
9.699666595458984375e+01
9.702666473388671875e+01
9.708833312988281250e+01
9.713666534423828125e+01
9.714833068847656250e+01
9.710666656494140625e+01
9.715833282470703125e+01
9.725666809082031250e+01
9.723666381835937500e+01
9.720333099365234375e+01
9.727333068847656250e+01
9.719333648681640625e+01
9.731500244140625000e+01
9.736000061035156250e+01
9.738833618164062500e+01
9.741833496093750000e+01
9.737000274658203125e+01
9.745833587646484375e+01
9.759666442871093750e+01
9.750333404541015625e+01
9.754000091552734375e+01
9.760166931152343750e+01
9.757333374023437500e+01
9.757166290283203125e+01
9.751333618164062500e+01
9.754666900634765625e+01
9.762333679199218750e+01
9.774500274658203125e+01
9.772499847412109375e+01
9.774666595458984375e+01
9.775666809082031250e+01
9.779333496093750000e+01
9.780666351318359375e+01
9.781833648681640625e+01
9.778666687011718750e+01
9.786166381835937500e+01
9.789833068847656250e+01
9.789833068847656250e+01
9.791666412353515625e+01
9.792500305175781250e+01
9.787500000000000000e+01
9.784999847412109375e+01
9.794666290283203125e+01
9.792666625976562500e+01
9.801000213623046875e+01
9.799166870117187500e+01
9.805000305175781250e+01
9.803500366210937500e+01
9.810832977294921875e+01
9.797166442871093750e+01
9.802999877929687500e+01
9.811333465576171875e+01
9.812666320800781250e+01
9.816999816894531250e+01
9.815333557128906250e+01
9.812500000000000000e+01
9.811000061035156250e+01
9.809333038330078125e+01
9.816333007812500000e+01
9.821666717529296875e+01
9.819000244140625000e+01
9.820500183105468750e+01
9.820500183105468750e+01
