3.063696018903631170e-10
4.495391545000744131e-10
6.596132585665565947e-10
9.678570743423875912e-10
1.420146281459384079e-09
2.083794719497455345e-09
3.057572652687080748e-09
4.486406669038189821e-09
6.582948988080905977e-09
9.659226319972854926e-09
1.417307855026477222e-08
2.079629868249522439e-08
3.051461525156611715e-08
4.477439751021051939e-08
6.569791740367632867e-08
9.639920559949413722e-08
1.414475101716623504e-07
2.075473341231308696e-07
3.045362611850922518e-07
4.468490755057068737e-07
6.556660789860603904e-07
9.620653386077462598e-07
1.411648010191041345e-06
2.071325121805277971e-06
3.039275888357635152e-06
4.459559645325653338e-06
6.543556084000008318e-06
9.601424721235372970e-06
1.408826569133597014e-05
2.067185193367177700e-05
3.033201330313132224e-05
4.450646386077873715e-05
6.530477570330994535e-05
9.582234488455750911e-05
1.406010767250774000e-04
2.063053539345919456e-04
3.027138913402490869e-04
4.441750941636205810e-04
6.517425196503641568e-04
9.563082610924942021e-04
1.400658286596651947e-03
2.019144973994369159e-03
2.866596826304834787e-03
4.000118577682241876e-03
5.505633768578020032e-03
7.479341432741733534e-03
1.003462886659450826e-02
1.330396094395983053e-02
1.744060351213048976e-02
2.261931547507025839e-02
2.904418756459713202e-02
3.693957301784679681e-02
4.656464630479004163e-02
5.821148984536878013e-02
7.221120799950292435e-02
8.894035395351182482e-02
1.088292475375614438e-01
1.321609100786349522e-01
1.593763541422859586e-01
1.912011027401038232e-01
2.282815198217376385e-01
2.703811521191768485e-01
3.190196185869916823e-01
3.747722786204722434e-01
4.373293138842814787e-01
5.090625550916140218e-01
5.888931597210077529e-01
6.791348327093256199e-01
7.798448866825383741e-01
8.918758167636874346e-01
