3.660586224180928247e-10
6.417671186383355384e-10
1.125134088755167875e-09
1.972564004782439520e-09
3.458262256784248251e-09
6.062960597325458835e-09
1.062946892839265292e-08
1.863538577992836814e-08
3.267120921150941326e-08
5.727855188766176804e-08
1.004196840437666428e-07
1.760539086816893960e-07
3.086544142938369720e-07
5.411271364347688456e-07
9.486939574670515461e-07
1.663232472250965346e-06
2.915948009341214821e-06
5.112185419079497951e-06
8.962587698864200202e-06
1.571304083768850307e-05
2.754780880951998166e-05
4.829630229087475890e-05
8.467217233500929177e-05
1.484456661868317794e-04
2.602521607980647382e-04
4.562692124323517438e-04
7.999226349370132340e-04
1.397965555358549007e-03
2.368844777234809223e-03
3.879927615395905704e-03
6.164473849932154345e-03
9.516565518255479597e-03
1.431871228880028657e-02
2.107034551420674390e-02
3.031406044566134494e-02
4.278281030944350305e-02
5.935308288245830927e-02
8.092674514911571415e-02
1.085892559749053049e-01
1.436866820265770284e-01
1.876537507546712225e-01
2.420940763032705945e-01
3.087956982806140394e-01
3.897546627355190640e-01
4.872098405093652218e-01
6.026730824653152574e-01
7.387151323637588529e-01
8.985519357774441884e-01
