7.793522344991235860e-47
3.195746262306193193e-42
1.310420849644121083e-37
5.373401585214825000e-33
2.203371886507340735e-28
8.293448694118315267e-24
4.042929233745464014e-20
2.500341509441192178e-17
3.918982741524330059e-15
2.312124003216737011e-13
6.702817226900317728e-12
1.133080670115659331e-10
1.264138019941041678e-09
1.012446691161942936e-08
6.208218334980101114e-08
3.045846498337217927e-07
1.256636186637380372e-06
4.479008170048715838e-06
1.392036709007900912e-05
3.885124786907684439e-05
9.863583757361873126e-05
2.289598416628311605e-04
4.961837671342739405e-04
1.019223781511873102e-03
1.977000392543219309e-03
3.609873274211685031e-03
6.468628394366074223e-03
1.076809122498255389e-02
1.791823818887384318e-02
2.788383806046156391e-02
4.330980096502799054e-02
6.459036703157085280e-02
9.412529624733642630e-02
1.371655217459660514e-01
1.894813316121503610e-01
2.603903333451939028e-01
3.578353873847994193e-01
4.739622520905590886e-01
6.173388101176706666e-01
8.040876774395189219e-01
