2.758794309923508760e-10
3.645145120293869713e-10
4.816264445742826102e-10
6.363643269559695738e-10
8.408166976380895518e-10
1.110955924271884814e-09
1.467886007903754336e-09
1.939491284149557131e-09
2.562614822293961749e-09
3.385936704696385525e-09
4.473777045411601973e-09
5.911120850041544750e-09
7.810257272349421150e-09
1.031955194417283622e-08
1.363503769658118621e-08
1.801572917050628005e-08
2.380385773531180292e-08
3.145160752142013473e-08
4.155644125758736799e-08
5.490777566199665652e-08
7.254865279393237726e-08
9.585722529746302054e-08
1.266544213829578980e-07
1.673462006236091934e-07
2.211115139713981976e-07
2.921506519331551392e-07
3.860133825324354209e-07
5.100325140750529250e-07
6.738967538045417445e-07
8.904076157024598496e-07
1.176479509101314434e-06
1.554461137715363429e-06
2.053881440326269840e-06
2.713756470693551876e-06
3.585637436336726813e-06
4.737638017155466456e-06
6.259755588821621133e-06
8.270902059189060967e-06
1.092819358552230482e-05
1.443922491017379645e-05
1.907828721873977820e-05
2.520779650327832232e-05
3.330660647180815330e-05
4.400741788452720084e-05
5.814620683445051555e-05
7.682753344234322373e-05
1.015108330563923916e-04
1.341244312566143007e-04
1.772161898219934428e-04
2.341525525274190580e-04
3.093815407620359101e-04
4.087802448921978556e-04
5.401139583264697721e-04
7.136428230674864625e-04
9.429233795285430582e-04
1.245867639836755738e-03
1.636612019441952568e-03
2.130274267199925957e-03
2.748715789593223803e-03
3.517360601247713266e-03
4.465648447853193780e-03
5.627560880652661239e-03
7.042242505356200236e-03
8.754745508481154292e-03
1.081693254058127551e-02
1.326540012192278448e-02
1.617395511163885816e-02
1.961891527446614839e-02
2.368544589082791085e-02
2.840877105912765349e-02
3.390806944834695580e-02
4.032119026635325870e-02
4.768600687267871008e-02
5.613356568635168020e-02
6.589670167512398646e-02
7.688839536932409735e-02
8.946600931429522785e-02
1.037097313598746434e-01
1.196963490166209204e-01
1.378699432207836362e-01
1.579436856117451826e-01
1.807927639223410043e-01
2.057270395373988758e-01
2.340577230189523628e-01
2.647381770772131437e-01
2.994081660306602277e-01
3.368568001903440856e-01
3.787654890469191460e-01
4.241741214942249538e-01
4.742525966567504581e-01
5.290281336241198229e-01
5.882299496906092662e-01
6.540543426125676740e-01
7.233479641957145656e-01
7.999828809576822186e-01
8.826200383995067567e-01
9.710339758088412099e-01
