5.147291266488799853e-10
1.268918321699030178e-09
3.128157362351561475e-09
7.711582626163099867e-09
1.901071452346492752e-08
4.686551181680051880e-08
1.155335952859468557e-07
2.848152324010663360e-07
7.021309810960267088e-07
1.730904314558096033e-06
4.267052482827374564e-06
1.051920475214237215e-05
2.593210865411594242e-05
6.392824125910439811e-05
1.575969037070033005e-04
3.885103605051454354e-04
9.577618383953697377e-04
2.270819057530229154e-03
4.931557492584772925e-03
9.938251710828767752e-03
1.876096333326976451e-02
3.352429615445078059e-02
5.702995854428275641e-02
9.288619834006749121e-02
1.456649753006898085e-01
2.211820781580789985e-01
3.256293158061389081e-01
4.674774285551747677e-01
6.537415484073477723e-01
8.955604267004806385e-01
