0.000000000000000000e+00
0.000000000000000000e+00
0.000000000000000000e+00
0.000000000000000000e+00
0.000000000000000000e+00
0.000000000000000000e+00
0.000000000000000000e+00
0.000000000000000000e+00
0.000000000000000000e+00
0.000000000000000000e+00
0.000000000000000000e+00
0.000000000000000000e+00
0.000000000000000000e+00
0.000000000000000000e+00
0.000000000000000000e+00
0.000000000000000000e+00
0.000000000000000000e+00
0.000000000000000000e+00
0.000000000000000000e+00
0.000000000000000000e+00
0.000000000000000000e+00
0.000000000000000000e+00
0.000000000000000000e+00
0.000000000000000000e+00
0.000000000000000000e+00
0.000000000000000000e+00
0.000000000000000000e+00
0.000000000000000000e+00
0.000000000000000000e+00
0.000000000000000000e+00
0.000000000000000000e+00
0.000000000000000000e+00
0.000000000000000000e+00
0.000000000000000000e+00
0.000000000000000000e+00
0.000000000000000000e+00
0.000000000000000000e+00
0.000000000000000000e+00
0.000000000000000000e+00
0.000000000000000000e+00
0.000000000000000000e+00
0.000000000000000000e+00
0.000000000000000000e+00
0.000000000000000000e+00
0.000000000000000000e+00
0.000000000000000000e+00
0.000000000000000000e+00
0.000000000000000000e+00
0.000000000000000000e+00
0.000000000000000000e+00
0.000000000000000000e+00
0.000000000000000000e+00
0.000000000000000000e+00
0.000000000000000000e+00
0.000000000000000000e+00
0.000000000000000000e+00
0.000000000000000000e+00
0.000000000000000000e+00
0.000000000000000000e+00
0.000000000000000000e+00
0.000000000000000000e+00
0.000000000000000000e+00
0.000000000000000000e+00
0.000000000000000000e+00
0.000000000000000000e+00
0.000000000000000000e+00
0.000000000000000000e+00
0.000000000000000000e+00
0.000000000000000000e+00
0.000000000000000000e+00
0.000000000000000000e+00
0.000000000000000000e+00
0.000000000000000000e+00
0.000000000000000000e+00
0.000000000000000000e+00
0.000000000000000000e+00
0.000000000000000000e+00
0.000000000000000000e+00
0.000000000000000000e+00
0.000000000000000000e+00
0.000000000000000000e+00
0.000000000000000000e+00
0.000000000000000000e+00
0.000000000000000000e+00
0.000000000000000000e+00
0.000000000000000000e+00
0.000000000000000000e+00
0.000000000000000000e+00
0.000000000000000000e+00
0.000000000000000000e+00
0.000000000000000000e+00
0.000000000000000000e+00
0.000000000000000000e+00
0.000000000000000000e+00
0.000000000000000000e+00
0.000000000000000000e+00
0.000000000000000000e+00
0.000000000000000000e+00
0.000000000000000000e+00
0.000000000000000000e+00
0.000000000000000000e+00
0.000000000000000000e+00
0.000000000000000000e+00
0.000000000000000000e+00
0.000000000000000000e+00
0.000000000000000000e+00
0.000000000000000000e+00
0.000000000000000000e+00
0.000000000000000000e+00
0.000000000000000000e+00
0.000000000000000000e+00
0.000000000000000000e+00
0.000000000000000000e+00
0.000000000000000000e+00
0.000000000000000000e+00
0.000000000000000000e+00
0.000000000000000000e+00
0.000000000000000000e+00
0.000000000000000000e+00
0.000000000000000000e+00
0.000000000000000000e+00
0.000000000000000000e+00
0.000000000000000000e+00
0.000000000000000000e+00
0.000000000000000000e+00
0.000000000000000000e+00
0.000000000000000000e+00
0.000000000000000000e+00
0.000000000000000000e+00
0.000000000000000000e+00
0.000000000000000000e+00
0.000000000000000000e+00
0.000000000000000000e+00
0.000000000000000000e+00
0.000000000000000000e+00
0.000000000000000000e+00
0.000000000000000000e+00
0.000000000000000000e+00
0.000000000000000000e+00
0.000000000000000000e+00
0.000000000000000000e+00
0.000000000000000000e+00
0.000000000000000000e+00
1.401298464324817071e-41
2.802596928649634142e-41
4.203895392974451213e-41
9.809089250273719496e-41
1.961817850054743899e-40
3.923635700109487799e-40
7.707141553786493890e-40
1.499389356827554266e-39
2.942726775082115849e-39
5.745323703731749991e-39
1.125242666852828108e-38
2.187426902811039448e-38
4.066568143470619140e-38
7.558603916568063281e-38
1.404801710485629114e-37
2.610899298729999167e-37
4.852696581956841517e-37
9.019317435780252595e-37
1.621862932292644995e-36
2.868569970666944813e-36
5.073709555116355099e-36
8.973789450461318151e-36
1.587217130409266329e-35
2.807285704700350581e-35
4.965317410437742793e-35
8.514093529596957684e-35
1.436006054277954535e-34
2.422000039871260930e-34
4.084999907805879255e-34
6.889852029255228167e-34
1.162057899379411814e-33
1.959952975332856121e-33
3.305700601469466588e-33
5.327745208793671411e-33
8.586511626912665747e-33
1.383874381329348267e-32
2.230334198234649193e-32
3.594594427762970623e-32
5.793262277554405918e-32
9.336908723037624662e-32
1.504791813438194266e-31
2.360966532793224757e-31
3.643536664031914434e-31
5.622848863175302501e-31
8.677401496640137970e-31
1.339130781660143258e-30
2.066614989084608538e-30
3.189281307227269524e-30
4.921824563390106583e-30
7.595553232414526226e-30
1.152964280665048764e-29
1.707263018230324105e-29
2.528065622042275122e-29
3.743514593267091080e-29
5.543245269709369009e-29
8.208276709938834324e-29
1.215448489742329861e-28
1.799814514580169536e-28
2.665113171881480248e-28
3.946391993423531742e-28
5.795616722209441911e-28
8.251636254112417883e-28
1.174835947596674427e-27
1.672685564139869436e-27
2.381522924613624960e-27
3.390719459936269605e-27
4.827648087723808726e-27
6.873417482156584821e-27
9.786103026154465247e-27
1.393318024201230103e-26
1.983751907995980509e-26
2.824388589395525457e-26
3.890522084998869935e-26
5.336978673407281590e-26
7.321213450558918866e-26
1.004316567807237602e-25
1.377711304822926580e-25
1.889930400236991420e-25
2.592567452662665787e-25
3.556484727880305203e-25
4.878749711384608561e-25
6.692568223036031506e-25
9.180796741550607284e-25
1.259421957211681894e-24
1.713432904626041461e-24
2.269341015167799122e-24
3.005608761052952376e-24
3.980751872078532825e-24
5.272312022568918740e-24
6.982866570967035035e-24
9.248396204671258839e-24
1.224895645314602304e-23
1.622302233462235518e-23
2.148643955605445441e-23
2.845752291168020319e-23
3.769060338187659608e-23
4.991898555375354992e-23
6.611475432182232958e-23
8.756510664690654358e-23
1.122040284400068455e-22
1.437746962508331453e-22
1.842297806335226343e-22
2.360680016608064882e-22
3.024900898804156822e-22
3.876042435601239927e-22
4.966676337207159790e-22
6.364142547281968356e-22
8.154873462875983422e-22
1.044947823762724668e-21
1.338968223337257194e-21
1.715718195225421471e-21
2.198492385439836023e-21
2.817078686632625597e-21
3.609743491760387605e-21
4.625446966967346528e-21
5.769828322317802347e-21
7.167695298976012153e-21
8.904259213041658521e-21
1.106151151545657601e-20
1.374140383230505916e-20
1.707056022858664387e-20
2.120619510388755607e-20
2.634405945769876264e-20
3.272635726637204532e-20
4.065503207170913370e-20
5.050460120515334832e-20
6.274044100297099745e-20
7.794098982023246354e-20
9.682388823063858601e-20
1.202815865669516549e-19
1.494218670774877058e-19
1.856225864805613378e-19
2.305937080480786551e-19
2.829315967534166678e-19
3.414577528682345920e-19
4.120888442177593808e-19
4.973300906846844478e-19
6.002058713836568004e-19
7.243594257744838221e-19
8.741943532456681249e-19
1.055026891895299733e-18
1.273265675217921513e-18
1.536636880327508451e-18
1.854499849059944917e-18
2.238114577503608999e-18
2.701061716955396306e-18
3.259793062618374006e-18
3.934101598984864084e-18
4.747895120504333559e-18
5.729982673550779279e-18
6.915265076119344866e-18
8.345731256874140832e-18
1.007202079932535726e-17
1.215547948565145805e-17
1.460943567706251016e-17
1.716415652915293443e-17
2.016561446902609747e-17
2.369202604104378847e-17
2.783499818932380502e-17
3.270244655094104022e-17
3.842105383670799026e-17
4.513983497961485797e-17
5.303334163252258326e-17
6.230716788231999603e-17
7.320269826663987063e-17
8.600415204395542735e-17
1.010435131900311485e-16
1.187127792884334638e-16
1.394718230550724540e-16
1.638609721009575576e-16
1.925164672834849618e-16
2.261814079603029042e-16
2.657332673252076364e-16
3.122014948115785530e-16
3.667968975477360746e-16
4.309379116131963321e-16
5.062950977381816195e-16
5.948298401213980742e-16
6.988491388738111900e-16
8.142992531285394957e-16
9.332675716692477412e-16
1.069612982881114772e-15
1.225882303078297455e-15
1.404982443456654143e-15
1.610255054872221456e-15
1.845497597785777238e-15
2.115131054786396902e-15
2.424149426251973397e-15
2.778315289080914539e-15
3.184212206855754380e-15
3.649422395003839789e-15
4.182615235740318529e-15
4.793691061910935677e-15
5.494023408414948351e-15
6.296694699122699218e-15
7.216635160278966205e-15
8.271009914559857706e-15
9.479323589641798498e-15
1.086428429180772912e-14
1.245154526089819330e-14
1.427070267512320356e-14
1.635557601896778235e-14
1.874511017328078788e-14
2.148383196603348422e-14
2.462259894944491406e-14
2.821982759775541749e-14
3.234271303467067815e-14
3.706795409356457294e-14
4.248354055699787857e-14
4.759619076904336721e-14
5.332432561374993163e-14
5.974159968807901677e-14
6.693090363624892847e-14
7.498565841607823801e-14
8.401006940886995844e-14
9.412020045718866301e-14
1.054466301601830747e-13
1.181365254102409446e-13
1.323540750738580463e-13
1.482821298474240601e-13
1.661270269568901337e-13
1.861201893559732978e-13
2.085186813797698657e-13
2.336118223780075942e-13
2.617256454964800305e-13
2.932239412216375296e-13
3.285117674851206759e-13
3.680448686701337513e-13
4.123369668710546998e-13
4.619610900410964227e-13
5.175555079992011365e-13
5.798403207232794010e-13
6.496232588318329171e-13
7.278016622529193125e-13
8.153853568899915860e-13
9.135123213432905231e-13
1.023452156356796650e-12
1.146618824193756936e-12
1.284602849441207617e-12
1.439197502492439718e-12
1.612402811095037247e-12
1.806446268612371675e-12
2.023841597781350643e-12
2.267407832670653711e-12
2.498624571134477890e-12
2.742088674179132823e-12
3.009252352512148398e-12
3.302459000709134784e-12
3.624233725629810721e-12
3.977360975293553480e-12
4.364895164060689225e-12
4.790170430452045380e-12
5.256900383748819294e-12
5.769106546649194200e-12
6.331243255358609545e-12
6.948127836969852922e-12
7.625089795681994076e-12
8.368039768058554984e-12
9.183379751087628051e-12
1.007816226306079699e-11
1.106012764012787031e-11
1.213772398561685506e-11
1.332036304174666341e-11
1.461823197212996917e-11
1.604255964182677019e-11
1.760559927010962866e-11
1.932107425439699711e-11
2.120362045665569184e-11
2.326959631926417416e-11
2.553686775930152919e-11
2.802494521170206809e-11
3.075555782272587635e-11
3.375222323853677153e-11
3.704087037093017898e-11
4.065010134057800428e-11
4.461067279470931624e-11
4.895731042786621856e-11
5.372746345044809857e-11
5.896239746450149255e-11
6.470739916109025103e-11
7.101189081204495324e-11
7.793093254049310303e-11
8.552413638396316742e-11
9.385717897325562831e-11
1.030021484771381779e-10
1.130377319524811242e-10
1.240520325351823772e-10
1.341839139801237479e-10
1.445454728132844480e-10
1.557065448798411467e-10
1.677294136914753153e-10
1.806813310079036228e-10
1.946326433355238805e-10
2.096611911861501198e-10
2.258510184427464651e-10
2.432901102800144599e-10
2.620757499904868837e-10
2.823118960826320745e-10
3.041117635493861826e-10
3.275937576763254810e-10
3.528888570247801226e-10
3.801386427859654304e-10
4.094909966667614754e-10
4.411098430967541617e-10
4.751719573370394301e-10
5.118623302990954471e-10
5.513857703753899386e-10
5.939632119478233108e-10
6.398260810058786774e-10
6.892302284455809058e-10
7.424519332666079663e-10
7.997802975445722495e-10
8.615353985774731882e-10
9.280622936813642809e-10
9.997225269842147100e-10
1.076916111841796919e-09
1.160070151051684206e-09
1.249649717038892049e-09
1.346141309532811192e-09
1.450083497722687298e-09
1.562057594384214099e-09
1.682671890712583718e-09
1.812599292883021462e-09
1.952566552887446960e-09
2.103333951453123518e-09
2.265742704565809618e-09
2.440701196704253562e-09
2.629160000822139409e-09
2.832170498123787183e-09
3.050868002674178570e-09
3.286440675154267410e-09
3.540202797580604965e-09
3.813559690257761758e-09
4.108039242112226930e-09
4.425241062477880405e-09
4.766936179123604234e-09
5.135034175651753685e-09
5.531535673952703291e-09
5.958653126469926065e-09
6.418774400884785791e-09
6.914400163537948174e-09
7.326207640545590039e-09
7.762541720524041011e-09
8.224862568795288098e-09
8.714684973654129863e-09
9.233714237666390545e-09
9.783654775219474686e-09
1.036634955653426005e-08
1.098374724506356870e-08
1.163791729652530194e-08
1.233100110908935676e-08
1.306543495616097061e-08
1.384355918787605333e-08
1.466808097205785089e-08
1.554165152128916816e-08
1.646731284665747808e-08
1.744800570691040775e-08
1.848717445795955427e-08
1.958823148129340552e-08
2.075486449371055642e-08
2.199098325661452691e-08
2.330072135237060138e-08
2.468837045910277084e-08
2.615875871470052516e-08
2.771671958612387243e-08
2.936747200976697059e-08
3.111653867904351500e-08
3.296977624245300831e-08
3.493325451131568116e-08
3.701380890674954571e-08
3.921827129715893534e-08
4.155403487970943388e-08
4.402890496635336604e-08
4.665117714353073097e-08
4.942953069075883832e-08
5.237335187757707899e-08
5.549270554183749482e-08
5.879762809968269721e-08
6.229961257986360579e-08
6.600992463745569694e-08
6.994120838044182165e-08
7.410676516883540899e-08
7.852040795341963531e-08
8.319692312852566829e-08
8.815195684519494534e-08
9.340210738173482241e-08
9.896456987235069391e-08
1.048586995011646650e-07
1.111038656631535559e-07
1.177209796310307865e-07
1.247322103381520719e-07
1.321610056947974954e-07
1.400317017896668403e-07
1.483716971506510163e-07
1.572084187273503630e-07
1.665714250975725008e-07
1.764920796176738804e-07
1.870035930551239289e-07
1.981403698891881504e-07
2.099416178680257872e-07
2.224448962806491181e-07
2.356936903424866614e-07
2.497306468285387382e-07
2.646046084464614978e-07
2.803628262881829869e-07
2.970606658436736325e-07
3.147530094338435447e-07
3.334990310577268247e-07
3.533615711148740957e-07
3.744070795619336423e-07
3.918173092642973643e-07
4.091918128779070685e-07
4.273375964203296462e-07
4.462863500975799980e-07
4.660762158437137259e-07
4.867445113632129505e-07
5.083275027573108673e-07
5.308684762894699816e-07
5.544100076804170385e-07
5.789933652522449847e-07
6.046678890925250016e-07
6.314820666375453584e-07
6.594829642381228041e-07
6.887266295052540954e-07
7.192685416157473810e-07
7.511619060096563771e-07
7.844739684514934197e-07
8.192586165023385547e-07
8.555857675673905760e-07
8.935287496569799259e-07
9.331490673503139988e-07
9.745261877469602041e-07
1.017743898046319373e-06
1.062872115653590299e-06
1.110001335291599389e-06
1.159227053904032800e-06
1.210628852277295664e-06
1.264309730686363764e-06
1.320378487434936687e-06
1.378925958306354005e-06
1.440075038772192784e-06
1.503932935520424508e-06
1.570619360791170038e-06
1.640269147173967212e-06
1.713004166958853602e-06
1.788961299098446034e-06
1.868293452389480080e-06
1.951139893208164722e-06
2.037656258835340850e-06
2.128016831193235703e-06
2.222380544480984099e-06
2.320923840670729987e-06
2.423846126475837082e-06
2.531327936594607309e-06
2.643575726324343123e-06
2.760800725809531286e-06
2.883223942262702622e-06
3.011075932590756565e-06
3.144597258142312057e-06
3.284039394202409312e-06
3.429664957366185263e-06
3.581747932912549004e-06
3.740574811672559008e-06
3.906444817403098568e-06
4.079669452039524913e-06
4.260576133674476296e-06
4.449504558579064906e-06
4.646810793929034844e-06
4.852866368310060352e-06
5.068058726465096697e-06
5.292793957778485492e-06
5.527504526980919763e-06
5.772602435172302648e-06
6.028578809491591528e-06
6.295918865362182260e-06
6.575088718818733469e-06
6.866650437586940825e-06
7.171154720708727837e-06
7.489133622584631667e-06
7.821227882232051343e-06
8.168062777258455753e-06
8.530246304871980101e-06
8.908506970328744501e-06
9.303557817474938929e-06
9.716090971778612584e-06
1.014697409118525684e-05
1.059690566762583330e-05
1.106678791984450072e-05
1.155757036030991003e-05
1.207004970638081431e-05
1.260525277757551521e-05
1.316426187258912250e-05
1.374798375763930380e-05
1.435758986190194264e-05
1.499430982221383601e-05
1.565917955304030329e-05
1.635352964513003826e-05
1.707876617729198188e-05
1.783606239769142121e-05
1.862701174104586244e-05
1.945299482031259686e-05
2.031556869042105973e-05
2.104180748574435711e-05
2.170415791624691337e-05
2.238735578430350870e-05
2.309205956407822669e-05
2.381885497015900910e-05
2.456862057442776859e-05
2.534198574721813202e-05
2.613964534248225391e-05
2.696246338018681854e-05
2.781118200800847262e-05
2.868661795218940824e-05
2.958960612886585295e-05
3.052090687560848892e-05
3.148163523292168975e-05
3.247254790039733052e-05
3.349471080582588911e-05
3.454904799582436681e-05
3.563657446647994220e-05
3.675833795568905771e-05
3.791533163166604936e-05
3.910875238943845034e-05
4.033973164041526616e-05
4.160953540122136474e-05
4.291930963518097997e-05
4.427031672094017267e-05
4.566384450299665332e-05
4.710115535999648273e-05
4.858379179495386779e-05
5.011291068512946367e-05
5.169035284779965878e-05
5.331745342118665576e-05
5.499576218426227570e-05
5.672691258951090276e-05
5.851243622601032257e-05
6.035427577444352210e-05
6.225409742910414934e-05
6.421346915885806084e-05
6.623476656386628747e-05
6.831969221821054816e-05
7.047023973427712917e-05
7.268835179274901748e-05
7.497641490772366524e-05
7.733651000307872891e-05
7.977073983056470752e-05
8.228158549172803760e-05
8.487162995152175426e-05
8.754320151638239622e-05
9.029869397636502981e-05
9.314109775004908442e-05
9.607297397451475263e-05
9.909694199450314045e-05
1.022162905428558588e-04
1.054336316883563995e-04
1.087524506147019565e-04
1.121755194617435336e-04
1.157065562438219786e-04
1.193487478303723037e-04
1.231053320225328207e-04
1.269804197363555431e-04
1.309774816036224365e-04
1.351001119473949075e-04
1.393524871673434973e-04
1.437389873899519444e-04
1.482635852880775928e-04
1.529302971903234720e-04
1.577442017151042819e-04
1.627096353331580758e-04
1.678313856245949864e-04
1.731136871967464685e-04
1.785629137884825468e-04
1.841836783569306135e-04
1.899810158647596836e-04
1.959611836355179548e-04
2.021295949816703796e-04
2.084921870846301317e-04
2.150550717487931252e-04
2.218236768385395408e-04
2.288061805302277207e-04
2.360080543439835310e-04
2.434370544506236911e-04
2.510999329388141632e-04
2.590039803180843592e-04
2.671568654477596283e-04
2.755658351816236973e-04
2.842400281224399805e-04
2.931861381512135267e-04
3.024150209967046976e-04
3.119343600701540709e-04
3.217533521819859743e-04
3.318814269732683897e-04
3.423276648391038179e-04
3.531033871695399284e-04
3.642183146439492702e-04
3.756816440727561712e-04
3.875072579830884933e-04
3.997051098849624395e-04
4.122869577258825302e-04
4.252640064805746078e-04
4.386504006106406450e-04
4.524581308942288160e-04
4.666995955631136894e-04
4.813893756363540888e-04
4.965424304828047752e-04
5.121724680066108704e-04
5.282935453578829765e-04
5.449230666272342205e-04
5.620759911835193634e-04
5.797678022645413876e-04
5.980175919830799103e-04
6.168406689539551735e-04
6.362574640661478043e-04
6.562842172570526600e-04
6.769425235688686371e-04
6.982511840760707855e-04
7.202292326837778091e-04
7.429004181176424026e-04
7.662852294743061066e-04
7.904046797193586826e-04
8.152833324857056141e-04
8.409466827288269997e-04
8.674177806824445724e-04
8.947204332798719406e-04
9.228842682205140591e-04
9.519346640445291996e-04
9.818993275985121727e-04
1.012803521007299423e-03
1.044684322550892830e-03
1.077568740583956242e-03
1.111485995352268219e-03
1.139388303272426128e-03
1.163175562396645546e-03
1.187457120977342129e-03
1.212247996591031551e-03
1.237554126419126987e-03
1.263388432562351227e-03
1.289764535613358021e-03
1.316688721999526024e-03
1.344177639111876488e-03
1.372237689793109894e-03
1.400883658789098263e-03
1.430130098015069962e-03
1.459984574466943741e-03
1.490465016104280949e-03
1.521578989923000336e-03
1.553342328406870365e-03
1.585771795362234116e-03
1.618875307030975819e-03
1.652673003263771534e-03
1.687173033133149147e-03
1.722393208183348179e-03
1.758352154865860939e-03
1.795058371499180794e-03
1.832534209825098515e-03
1.870788866654038429e-03
1.909842132590711117e-03
1.949714380316436291e-03
1.990415155887603760e-03
2.031969605013728142e-03
2.074387622997164726e-03
2.117691095918416977e-03
2.161902841180562973e-03
2.207033103331923485e-03
2.253109822049736977e-03
2.300144173204898834e-03
2.348160371184349060e-03
2.397183561697602272e-03
2.447225386276841164e-03
2.498316811397671700e-03
2.550469944253563881e-03
2.603711560368537903e-03
2.658070065081119537e-03
2.713558264076709747e-03
2.770204562693834305e-03
2.828038763254880905e-03
2.887075068429112434e-03
2.947349101305007935e-03
3.008875995874404907e-03
3.071686951443552971e-03
3.135815495625138283e-03
3.201276762410998344e-03
3.268110565841197968e-03
3.336333204060792923e-03
3.405980300158262253e-03
3.477087710052728653e-03
3.549673128873109818e-03
3.623780561611056328e-03
3.699427936226129532e-03
3.776654601097106934e-03
3.855500603094696999e-03
3.935985732823610306e-03
4.018158186227083206e-03
4.102038219571113586e-03
4.187669605016708374e-03
4.275097046047449112e-03
4.364340566098690033e-03
4.455456044524908066e-03
4.548465367406606674e-03
4.643416032195091248e-03
4.740357398986816406e-03
4.839313682168722153e-03
4.940345883369445801e-03
5.043476819992065430e-03
5.148760974407196045e-03
5.256252828985452652e-03
5.365978460758924484e-03
5.478005390614271164e-03
5.592360626906156540e-03
5.709102842956781387e-03
5.828293506056070328e-03
5.949960555881261826e-03
6.074178963899612427e-03
6.200979929417371750e-03
6.330427248030900955e-03
6.462588906288146973e-03
6.597497500479221344e-03
6.735234986990690231e-03
6.875834893435239792e-03
7.019370328634977341e-03
7.165915798395872116e-03
7.315505761653184891e-03
7.468233816325664520e-03
7.624135352671146393e-03
7.783291395753622055e-03
7.945785298943519592e-03
8.111655712127685547e-03
8.281004615128040314e-03
8.453873917460441589e-03
8.630351163446903229e-03
8.810528554022312164e-03
8.994451723992824554e-03
9.182230569422245026e-03
9.373912587761878967e-03
9.569595567882061005e-03
9.769382886588573456e-03
9.973321110010147095e-03
1.018151827156543732e-02
1.039407961070537567e-02
1.061105914413928986e-02
1.083258911967277527e-02
1.105872262269258499e-02
1.128957699984312057e-02
1.152527146041393280e-02
1.176586560904979706e-02
1.201150473207235336e-02
1.226224843412637711e-02
1.251822616904973984e-02
1.277957297861576080e-02
1.304635033011436462e-02
1.331872213631868362e-02
1.359675452113151550e-02
1.388059090822935104e-02
1.417037844657897949e-02
1.446619071066379547e-02
1.476820465177297592e-02
1.507649477571249008e-02
1.539122220128774643e-02
1.571254804730415344e-02
1.604055240750312805e-02
1.637543551623821259e-02
1.671727746725082397e-02
1.706625521183013916e-02
1.742255128920078278e-02
1.778625324368476868e-02
1.815758086740970612e-02
1.853662729263305664e-02
1.892358250916004181e-02
1.931865699589252472e-02
1.972193829715251923e-02
2.013367973268032074e-02
2.055397629737854004e-02
2.098304592072963715e-02
2.142111584544181824e-02
2.186828665435314178e-02
2.232483588159084320e-02
2.279087342321872711e-02
2.326664142310619354e-02
2.375238388776779175e-02
2.424822188913822174e-02
2.475445903837680817e-02
2.527121454477310181e-02
2.579875849187374115e-02
2.633736655116081238e-02
2.688716724514961243e-02
2.744849771261215210e-02
2.802149392664432526e-02
2.860645018517971039e-02
2.920367568731307983e-02
2.981330826878547668e-02
3.043572790920734406e-02
3.107108548283576965e-02
3.171970322728157043e-02
3.238192573189735413e-02
3.305790573358535767e-02
3.374800086021423340e-02
3.445256501436233521e-02
3.517177328467369080e-02
3.590606153011322021e-02
3.665561228990554810e-02
3.742080926895141602e-02
3.820205107331275940e-02
3.899953141808509827e-02
3.981373459100723267e-02
4.064485803246498108e-02
4.149333387613296509e-02
4.235960170626640320e-02
4.324387013912200928e-02
4.414668306708335876e-02
4.506826028227806091e-02
4.600907117128372192e-02
4.696961864829063416e-02
4.795011878013610840e-02
4.895118623971939087e-02
4.997305944561958313e-02
5.101625993847846985e-02
5.208134278655052185e-02
5.316855385899543762e-02
5.427856743335723877e-02
5.541164800524711609e-02
5.656838417053222656e-02
5.774937570095062256e-02
5.895490944385528564e-02
6.018573045730590820e-02
6.144212558865547180e-02
6.220855191349983215e-02
6.298453360795974731e-02
6.377020478248596191e-02
6.456567347049713135e-02
6.537106633186340332e-02
6.618649512529373169e-02
6.701204925775527954e-02
6.784788519144058228e-02
6.869428604841232300e-02
6.955111026763916016e-02
7.041875272989273071e-02
7.129708677530288696e-02
7.218651473522186279e-02
7.308689504861831665e-02
7.399865239858627319e-02
7.492163777351379395e-02
7.585628330707550049e-02
7.680243253707885742e-02
7.776039838790893555e-02
7.873037457466125488e-02
7.971245050430297852e-02
8.070678263902664185e-02
8.171352744102478027e-02
8.273281157016754150e-02
8.376481384038925171e-02
8.480969816446304321e-02
8.586761355400085449e-02
8.693872392177581787e-02
8.802320063114166260e-02
8.912119269371032715e-02
9.023271501064300537e-02
9.135836362838745117e-02
9.249787777662277222e-02
9.365177899599075317e-02
9.481989592313766479e-02
9.600277990102767944e-02
9.720021486282348633e-02
9.841278195381164551e-02
9.964028000831604004e-02
1.008832901716232300e-01
1.021416112780570984e-01
1.034158244729042053e-01
1.047056242823600769e-01
1.060117185115814209e-01
1.073341071605682373e-01
1.086729913949966431e-01
1.100285798311233521e-01
1.114010661840438843e-01
1.127906888723373413e-01
1.141976267099380493e-01
1.156221330165863037e-01
1.170643940567970276e-01
1.185246482491493225e-01
1.200031265616416931e-01
1.214999258518218994e-01
1.230153962969779968e-01
1.245500072836875916e-01
1.261035203933715820e-01
1.276766508817672729e-01
1.292691677808761597e-01
1.308817863464355469e-01
1.325142830610275269e-01
1.341673880815505981e-01
1.358408480882644653e-01
1.375354677438735962e-01
1.392509490251541138e-01
1.409878283739089966e-01
1.427464932203292847e-01
1.445271074771881104e-01
1.463299393653869629e-01
1.481552571058273315e-01
1.500033438205718994e-01
1.518744677305221558e-01
1.537689566612243652e-01
1.556870639324188232e-01
1.576291173696517944e-01
1.595953702926635742e-01
1.615861654281616211e-01
1.636014580726623535e-01
1.656423807144165039e-01
1.677084416151046753e-01
1.698005944490432739e-01
1.719185113906860352e-01
1.740631908178329468e-01
1.762342751026153564e-01
1.784327775239944458e-01
1.806583702564239502e-01
1.829120814800262451e-01
1.851935535669326782e-01
1.875038295984268188e-01
1.898423731327056885e-01
1.922104656696319580e-01
1.946080923080444336e-01
1.970356255769729614e-01
1.994934380054473877e-01
2.019819319248199463e-01
2.045014351606369019e-01
2.070523798465728760e-01
2.096351385116577148e-01
2.122501283884048462e-01
2.148977369070053101e-01
2.175783663988113403e-01
2.202922254800796509e-01
2.230399399995803833e-01
2.258223295211791992e-01
2.286390215158462524e-01
2.314912825822830200e-01
2.343786805868148804e-01
2.373025268316268921e-01
2.402624040842056274e-01
2.432596534490585327e-01
2.462938427925109863e-01
2.493663281202316284e-01
2.524766921997070312e-01
2.556258440017700195e-01
2.588145136833190918e-01
2.620429396629333496e-01
2.653116583824157715e-01
2.686211466789245605e-01
2.719719409942626953e-01
2.753644883632659912e-01
2.787993848323822021e-01
2.822771072387695312e-01
2.857982218265533447e-01
2.893632650375366211e-01
2.929727733135223389e-01
2.966273128986358643e-01
3.003271520137786865e-01
3.040731251239776611e-01
3.078664243221282959e-01
3.117064535617828369e-01
3.155949413776397705e-01
3.195313811302185059e-01
3.235175311565399170e-01
3.275527656078338623e-01
3.316389620304107666e-01
3.357754647731781006e-01
3.399642705917358398e-01
3.442046344280242920e-01
3.484978973865509033e-01
3.528450429439544678e-01
3.572464287281036377e-01
3.617027401924133301e-01
3.662146031856536865e-01
3.707827329635620117e-01
3.754078745841979980e-01
3.800907135009765625e-01
3.848319351673126221e-01
3.896323442459106445e-01
3.944925963878631592e-01
3.994134664535522461e-01
4.043949544429779053e-01
4.094397723674774170e-01
4.145467281341552734e-01
4.197181761264801025e-01
4.249533116817474365e-01
4.302545785903930664e-01
4.356211423873901367e-01
4.410554766654968262e-01
4.465567767620086670e-01
4.521275758743286133e-01
4.577669501304626465e-01
4.634775519371032715e-01
4.692580401897430420e-01
4.751115441322326660e-01
4.810381233692169189e-01
4.870385527610778809e-01
4.931138753890991211e-01
4.992649555206298828e-01
5.054927468299865723e-01
5.117982625961303711e-01
5.181823968887329102e-01
5.246462225914001465e-01
5.311906337738037109e-01
5.378167033195495605e-01
5.445249080657958984e-01
5.513167977333068848e-01
5.581943988800048828e-01
5.651567578315734863e-01
5.722070932388305664e-01
5.793442130088806152e-01
5.865714550018310547e-01
5.938878059387207031e-01
6.012964844703674316e-01
6.087964773178100586e-01
6.163911819458007812e-01
6.240794062614440918e-01
6.318635940551757812e-01
6.397454142570495605e-01
6.477255821228027344e-01
6.558052897453308105e-01
6.639857888221740723e-01
6.722682714462280273e-01
6.806541681289672852e-01
6.891446709632873535e-01
6.977410316467285156e-01
7.064446210861206055e-01
7.152567505836486816e-01
7.241789102554321289e-01
7.332108616828918457e-01
7.423576712608337402e-01
7.516170740127563477e-01
7.609934210777282715e-01
7.704853415489196777e-01
7.800970077514648438e-01
7.898272275924682617e-01
7.996802926063537598e-01
8.096546530723571777e-01
8.197550773620605469e-01
8.299798965454101562e-01
8.403338193893432617e-01
8.508145213127136230e-01
8.614275455474853516e-01
8.721729516983032227e-01
8.830524086952209473e-01
8.940676450729370117e-01
9.052201509475708008e-01
9.165118336677551270e-01
9.279444217681884766e-01
9.395195841789245605e-01
9.512391090393066406e-01
9.631048440933227539e-01
9.751185774803161621e-01
9.872812628746032715e-01
9.995955824851989746e-01
