0.000000000000000000e+00
0.000000000000000000e+00
0.000000000000000000e+00
0.000000000000000000e+00
0.000000000000000000e+00
1.401298464324817071e-40
8.744102417386858523e-39
5.631117654681523108e-37
3.627054974168733637e-35
2.336236982225724572e-33
1.504803215733397242e-31
9.692576473603494092e-30
6.243125322604773937e-28
4.021285332651776803e-26
2.590146882278801688e-24
1.437746962508331453e-22
5.065642762164804232e-21
1.195382872383903327e-19
2.030997030721609538e-18
2.583968304189074229e-17
2.597608115443379630e-16
2.115131054786396902e-15
1.430018450388533674e-14
8.229219850041172291e-14
4.131903695060723525e-13
1.832760072179029365e-12
7.286271412609846010e-12
2.612381491684523382e-11
8.605625934077210104e-11
2.620757499904868837e-10
7.424505454878271848e-10
1.968766705218172319e-09
4.916988594061422191e-09
1.163791729652530194e-08
2.626710227104922524e-08
5.688577076057299564e-08
1.174778390122810379e-07
2.327892048015200999e-07
4.490614173846552148e-07
8.346350455212814268e-07
1.500829512224299833e-06
2.654524678291636519e-06
4.495707344176480547e-06
7.582560556329553947e-06
1.222059927385998890e-05
1.969559343706350774e-05
3.052090687560848892e-05
4.710115535999648273e-05
7.090830331435427070e-05
1.049987549777142704e-04
1.551582681713625789e-04
2.209091326221823692e-04
3.145230293739587069e-04
4.441216879058629274e-04
6.092416006140410900e-04
8.357514743693172932e-04
1.144107431173324585e-03
1.515305717475712299e-03
2.006933325901627541e-03
2.658070065081119537e-03
3.462745808064937592e-03
4.437078721821308136e-03
5.685565061867237091e-03
7.285338826477527618e-03
9.201209060847759247e-03
1.143041346222162247e-02
1.419968064874410629e-02
1.763988099992275238e-02
2.191350609064102173e-02
2.655591070652008057e-02
3.204910457134246826e-02
3.867858648300170898e-02
4.667939990758895874e-02
5.633511021733283997e-02
6.701204925775527954e-02
7.873037457466125488e-02
9.249787777662277222e-02
1.086729913949966431e-01
1.276766508817672729e-01
1.500033438205718994e-01
1.747839450836181641e-01
2.003197073936462402e-01
2.295859903097152710e-01
2.631282806396484375e-01
3.015710413455963135e-01
3.456299304962158203e-01
3.961261212825775146e-01
4.539993107318878174e-01
5.086355209350585938e-01
5.698468685150146484e-01
6.384252905845642090e-01
7.152560949325561523e-01
8.013330698013305664e-01
8.977706432342529297e-01
