0.000000000000000000e+00
0.000000000000000000e+00
0.000000000000000000e+00
0.000000000000000000e+00
0.000000000000000000e+00
0.000000000000000000e+00
0.000000000000000000e+00
0.000000000000000000e+00
0.000000000000000000e+00
0.000000000000000000e+00
0.000000000000000000e+00
0.000000000000000000e+00
0.000000000000000000e+00
0.000000000000000000e+00
0.000000000000000000e+00
0.000000000000000000e+00
0.000000000000000000e+00
0.000000000000000000e+00
1.401298464324817071e-41
1.779649049692517680e-39
2.324473892622006557e-37
1.965641937511947752e-35
1.124708035749972156e-33
4.563378978613921990e-32
1.375948299162926026e-30
3.231052922161705807e-29
6.192556661537484382e-28
8.958813655567106047e-27
1.108594118716140100e-25
1.210619964778702373e-24
1.045816094562108848e-23
8.756510664690654358e-23
5.709962034252039783e-22
3.723362888125654748e-21
1.981625056263717226e-20
1.022199944942797265e-19
4.801037959343262236e-19
1.989974869398420374e-18
8.248217416002102059e-18
3.017072462860204032e-17
1.020662459168366124e-16
3.452856488192658632e-16
1.097315618937540291e-15
3.077497490446500471e-15
8.631055668350401389e-15
2.420639237015256851e-14
6.278660859455886811e-14
1.482821298474240601e-13
3.501955940943962675e-13
8.270513180558269895e-13
1.953234015500404652e-12
4.070889458862581023e-12
8.223422810760272483e-12
1.661176925182861197e-11
3.355669908611247365e-11
6.778639455307100548e-11
1.348093442432585221e-10
2.365977691543008632e-10
4.152420074454710175e-10
7.287724312909915625e-10
1.279035433121578080e-09
2.244777030924183236e-09
3.939706338940140995e-09
6.914400163537948174e-09
1.070923172363791309e-08
1.658678350224818132e-08
2.569011137154575408e-08
3.978962581641098950e-08
6.162737520298833260e-08
9.545034629354631761e-08
1.478364026752387872e-07
2.289734908345053555e-07
3.546410596300120233e-07
5.001240879209944978e-07
6.943535595382854808e-07
9.640143616707064211e-07
1.338401489192619920e-06
1.858186351455515251e-06
2.579836291261017323e-06
3.581747932912549004e-06
4.972764600097434595e-06
6.903999747009947896e-06
9.585254701960366219e-06
1.330780833086464554e-05
1.847606108640320599e-05
2.409732587693724781e-05
3.046187521249521524e-05
3.850741995847783983e-05
4.867793904850259423e-05
6.153467984404414892e-05
7.778712461004033685e-05
9.833214426180347800e-05
1.243034785147756338e-04
1.571343018440529704e-04
1.986363786272704601e-04
2.510999329388141632e-04
3.174200537614524364e-04
4.012565186712890863e-04
5.072357598692178726e-04
6.412061047740280628e-04
8.105604210868477821e-04
1.024644356220960617e-03
1.235957141034305096e-03
1.444980269297957420e-03
1.689353026449680328e-03
1.975053921341896057e-03
2.309071831405162811e-03
2.699578413739800453e-03
3.156127175316214561e-03
3.689886303618550301e-03
4.313914105296134949e-03
5.043476819992065430e-03
5.896421149373054504e-03
6.893615238368511200e-03
8.059452287852764130e-03
9.422454982995986938e-03
1.101596560329198837e-02
1.287896931171417236e-02
1.505703944712877274e-02
1.760346256196498871e-02
2.058053202927112579e-02
2.406108006834983826e-02
2.813025563955307007e-02
3.288760036230087280e-02
3.844949603080749512e-02
4.495201632380485535e-02
5.255423113703727722e-02
6.144212558865547180e-02
6.748096644878387451e-02
7.411334663629531860e-02
8.139759302139282227e-02
8.939776569604873657e-02
9.818423539400100708e-02
1.078342869877815247e-01
1.184327900409698486e-01
1.300729811191558838e-01
1.428572088479995728e-01
1.568979620933532715e-01
1.723187118768692017e-01
1.892550587654113770e-01
2.078560292720794678e-01
2.282851934432983398e-01
2.507222294807434082e-01
2.753644883632659912e-01
3.024287223815917969e-01
3.321529924869537354e-01
3.647986948490142822e-01
4.006529748439788818e-01
4.400312304496765137e-01
4.832797348499298096e-01
5.307789444923400879e-01
5.829466581344604492e-01
6.402416229248046875e-01
7.031679153442382812e-01
7.722787857055664062e-01
8.481823205947875977e-01
9.315460920333862305e-01
