0.000000000000000000e+00
0.000000000000000000e+00
0.000000000000000000e+00
0.000000000000000000e+00
0.000000000000000000e+00
0.000000000000000000e+00
0.000000000000000000e+00
0.000000000000000000e+00
0.000000000000000000e+00
0.000000000000000000e+00
0.000000000000000000e+00
0.000000000000000000e+00
0.000000000000000000e+00
0.000000000000000000e+00
0.000000000000000000e+00
0.000000000000000000e+00
0.000000000000000000e+00
0.000000000000000000e+00
0.000000000000000000e+00
0.000000000000000000e+00
0.000000000000000000e+00
0.000000000000000000e+00
0.000000000000000000e+00
0.000000000000000000e+00
0.000000000000000000e+00
0.000000000000000000e+00
0.000000000000000000e+00
0.000000000000000000e+00
0.000000000000000000e+00
0.000000000000000000e+00
0.000000000000000000e+00
0.000000000000000000e+00
0.000000000000000000e+00
0.000000000000000000e+00
0.000000000000000000e+00
0.000000000000000000e+00
0.000000000000000000e+00
0.000000000000000000e+00
0.000000000000000000e+00
0.000000000000000000e+00
0.000000000000000000e+00
0.000000000000000000e+00
1.401298464324817071e-41
1.821688003622262192e-40
1.779649049692517680e-39
1.695571141833028656e-38
1.380839506745674742e-37
1.108945543291955056e-36
7.538887804120441109e-36
5.125083623103800104e-35
3.011377524927949423e-34
1.745001343657523363e-33
9.175017730864059140e-33
4.563378978613921990e-32
2.222886383577274261e-31
9.555816451563291058e-31
4.107822749230996087e-30
1.670439388156917060e-29
6.249675169604391878e-29
2.338213286099725335e-28
8.332995238683112274e-28
2.732284071293116922e-27
8.958813655567106047e-27
2.937482277217854966e-26
8.499886274309400432e-26
2.459523595806813330e-25
7.116867907746599494e-25
2.002915668988659616e-24
5.150257885591313352e-24
1.324337005557956867e-23
3.405374003864151154e-23
8.756510664690654358e-23
2.014841754928490447e-22
4.636131753451541320e-22
1.066757341302512388e-21
2.454598489078763861e-21
5.531502158984146399e-21
1.146876548899396294e-20
2.377881889739410402e-20
4.930173842283346353e-20
1.022199944942797265e-19
2.119383036931702220e-19
4.099423880763667008e-19
7.712119179464647163e-19
1.450851529963282488e-18
2.729431737219280635e-18
5.134775764801510133e-18
9.659894602733062278e-18
1.755270146084256770e-17
3.017072462860204032e-17
5.185939698101997574e-17
8.913964302156423278e-17
1.532195648357037739e-16
2.633637455948229346e-16
4.526901412151603920e-16
7.781132115284477343e-16
1.230534737420210106e-15
1.946016903460576382e-15
3.077497490446500471e-15
4.866859461960656649e-15
7.696646190389136444e-15
1.217173809116810224e-14
1.924880170349734659e-14
3.044082930061912939e-14
4.714749708809203022e-14
6.907738676854499604e-14
1.012072302591753015e-13
1.482821298474240601e-13
2.172531631591118062e-13
3.183037329806265303e-13
4.663575298505251432e-13
6.832736416592655182e-13
1.001083439235161965e-12
1.466715637832294306e-12
2.148934676038383174e-12
2.978326136063302876e-12
4.070889458862581023e-12
5.564246112477189143e-12
7.605422368273107026e-12
1.039537986941008185e-11
1.420879993524470919e-11
1.942112790032091141e-11
2.654553313274909954e-11
3.628344152906137765e-11
4.959358271272584773e-11
6.778639455307100548e-11
9.265301026406547180e-11
1.266416554956961704e-10
1.626111051367118421e-10
2.087967854169647808e-10
2.681003752336152957e-10
3.442477136683663730e-10
4.420228350010546592e-10
5.675685477157799141e-10
7.287724312909915625e-10
9.357622454686520541e-10
1.201542532136556929e-09
1.542811101096219772e-09
1.981008912466108995e-09
2.543665722498644755e-09
3.266131365364799422e-09
4.193795533069533121e-09
5.384940049424358222e-09
6.914400163537948174e-09
8.398465034531454876e-09
1.020108086891013954e-08
1.239062541458224587e-08
1.505010338576084905e-08
1.828036566564605891e-08
2.220399508701120794e-08
2.696982903671596432e-08
3.275853188711153052e-08
3.978962581641098950e-08
4.832983080405028886e-08
5.870316499567707069e-08
7.130312695835527848e-08
8.660736483534492436e-08
1.051962428277875006e-07
1.277751664474635618e-07
1.552006381189130479e-07
1.885123310785274953e-07
2.289734908345053555e-07
2.781189607503620209e-07
3.378133897058432922e-07
4.018609729428135324e-07
4.649547804547182750e-07
5.379535537031188142e-07
6.224144613042881247e-07
7.201347216323483735e-07
8.332003744726534933e-07
9.640143616707064211e-07
1.115366444537357893e-06
1.290485897698090412e-06
1.493094714533071965e-06
1.727516632854531053e-06
1.998739890041179024e-06
2.312550350325182080e-06
2.675624955372768454e-06
3.095714873779797927e-06
3.581747932912549004e-06
4.144088961766101420e-06
4.794736923940945417e-06
5.547519776882836595e-06
6.418502835003891960e-06
7.426219781336840242e-06
8.592166523158084601e-06
9.941152711689937860e-06
1.150197567767463624e-05
1.330780833086464554e-05
1.539715958642773330e-05
1.781460923666600138e-05
2.061153645627200603e-05
2.287441202497575432e-05
2.538562330300919712e-05
2.817263157339766622e-05
3.126561205135658383e-05
3.469803414191119373e-05
3.850741995847783983e-05
4.273502418072894216e-05
4.742658711620606482e-05
5.263340062811039388e-05
5.841185338795185089e-05
6.482446042355149984e-05
7.194132922450080514e-05
7.983954128576442599e-05
8.860453090164810419e-05
9.833214426180347800e-05
1.091277081286534667e-04
1.211080307257361710e-04
1.344040938420221210e-04
1.491598959546536207e-04
1.655350497458130121e-04
1.837086165323853493e-04
2.038774109678342938e-04
2.262595953652635217e-04
2.510999329388141632e-04
2.786673721857368946e-04
3.092602128162980080e-04
3.432128869462758303e-04
3.808931505773216486e-04
4.227085737511515617e-04
4.691164067480713129e-04
5.206192145124077797e-04
5.777741316705942154e-04
6.412061047740280628e-04
7.116021006368100643e-04
7.897235336713492870e-04
8.764248341321945190e-04
9.726446587592363358e-04
1.079424167983233929e-03
1.173231285065412521e-03
1.257601543329656124e-03
1.348039135336875916e-03
1.444980269297957420e-03
1.548892818391323090e-03
1.660277834162116051e-03
1.779672922566533089e-03
1.907654106616973877e-03
2.044834895059466362e-03
2.191884443163871765e-03
2.349508926272392273e-03
2.518468536436557770e-03
2.699578413739800453e-03
2.893712604418396950e-03
3.101807320490479469e-03
3.324866760522127151e-03
3.563967067748308182e-03
3.820254234597086906e-03
4.094979260116815567e-03
4.389460664242506027e-03
4.705118946731090546e-03
5.043476819992065430e-03
5.406166892498731613e-03
5.794939119368791580e-03
6.211669184267520905e-03
6.658366881310939789e-03
7.137175183743238449e-03
7.650428451597690582e-03
8.200592361390590668e-03
8.790318854153156281e-03
9.422454982995986938e-03
1.010004896670579910e-02
1.082637161016464233e-02
1.160492468625307083e-02
1.243946701288223267e-02
1.333399862051010132e-02
1.429288182407617569e-02
1.532072201371192932e-02
1.642247661948204041e-02
1.760346256196498871e-02
1.886937581002712250e-02
2.022632583975791931e-02
2.168085612356662750e-02
2.323998324573040009e-02
2.491118758916854858e-02
2.670261822640895844e-02
2.862287871539592743e-02
3.068122826516628265e-02
3.288760036230087280e-02
3.525263443589210510e-02
3.778775036334991455e-02
4.050517082214355469e-02
4.341800883412361145e-02
4.654022678732872009e-02
4.988706111907958984e-02
5.347457900643348694e-02
5.732008069753646851e-02
6.144212558865547180e-02
6.405625492334365845e-02
6.678166985511779785e-02
6.962304562330245972e-02
7.258524745702743530e-02
7.567361742258071899e-02
7.889324426651000977e-02
8.224993199110031128e-02
8.574943989515304565e-02
8.939776569604873657e-02
9.320129454135894775e-02
9.716675430536270142e-02
1.013009399175643921e-01
1.056109070777893066e-01
1.101044639945030212e-01
1.147890016436576843e-01
1.196729466319084167e-01
1.247647106647491455e-01
1.300729811191558838e-01
1.356070935726165771e-01
1.413768082857131958e-01
1.473919898271560669e-01
1.536629647016525269e-01
1.602010577917098999e-01
1.670170128345489502e-01
1.741231232881546021e-01
1.815315783023834229e-01
1.892550587654113770e-01
1.973071694374084473e-01
2.057020366191864014e-01
2.144540846347808838e-01
2.235783040523529053e-01
2.330911606550216675e-01
2.430083006620407104e-01
2.533476352691650391e-01
2.641268968582153320e-01
2.753644883632659912e-01
2.870802283287048340e-01
2.992946803569793701e-01
3.120288550853729248e-01
3.253045082092285156e-01
3.391456305980682373e-01
3.535750210285186768e-01
3.686186373233795166e-01
3.843023777008056641e-01
4.006529748439788818e-01
4.176992774009704590e-01
4.354712069034576416e-01
4.539993107318878174e-01
4.733152687549591064e-01
4.934539794921875000e-01
5.144485831260681152e-01
5.363369584083557129e-01
5.591565966606140137e-01
5.829466581344604492e-01
6.077488660812377930e-01
6.336068511009216309e-01
6.605650782585144043e-01
6.886696219444274902e-01
7.179713249206542969e-01
7.485182881355285645e-01
7.803656458854675293e-01
8.135681152343750000e-01
8.481823205947875977e-01
8.842692971229553223e-01
9.218925833702087402e-01
9.611165523529052734e-01
