0.000000000000000000e+00
0.000000000000000000e+00
0.000000000000000000e+00
0.000000000000000000e+00
0.000000000000000000e+00
0.000000000000000000e+00
0.000000000000000000e+00
0.000000000000000000e+00
0.000000000000000000e+00
0.000000000000000000e+00
0.000000000000000000e+00
0.000000000000000000e+00
0.000000000000000000e+00
0.000000000000000000e+00
0.000000000000000000e+00
7.987401246651457304e-40
7.987401246651457304e-40
7.987401246651457304e-40
7.987401246651457304e-40
6.446673360918566643e-37
6.446673360918566643e-37
6.446673360918566643e-37
6.446673360918566643e-37
5.193081035140950944e-34
5.193081035140950944e-34
5.193081035140950944e-34
5.193081035140950944e-34
2.529065986542734502e-31
2.529065986542734502e-31
2.819246641195763080e-31
4.183235507853197186e-31
4.810656727271260320e-29
6.046311411951682676e-29
1.212188732940832940e-28
3.369763993990375408e-28
8.704671021593677424e-27
2.623536899206478302e-26
5.212074875017178449e-26
2.714480235626816885e-25
3.455833964983156307e-24
8.369296711641110272e-24
6.646068560597984768e-23
2.186647960803191861e-22
8.261992948304817033e-22
4.973883875308238295e-21
1.512552256635062614e-20
4.909323720968181599e-20
1.520571352621109405e-19
9.230233417925561942e-19
3.206330311677540445e-18
9.173897868717331716e-18
1.883223406317634409e-17
3.395577738019158690e-17
1.189480426895333457e-16
2.378449192950966113e-16
4.861605951863548665e-16
1.542265202503776463e-15
4.058277151830491647e-15
4.772488980208213286e-15
1.188896461205672661e-14
2.601448414595464859e-14
5.082985085353569632e-14
9.009836605088084038e-14
1.470844252600064794e-13
3.241362798826752378e-13
6.160865003920767968e-13
1.092905713845349069e-12
2.000278415126288678e-12
3.149425815626716307e-12
4.673266114363361368e-12
1.080915478651744976e-11
1.277702856711249169e-11
3.060434544677193003e-11
3.353494218427677254e-11
6.625857501552090412e-11
8.528956013664767966e-11
1.434509733222455452e-10
2.169168733523463288e-10
3.105733170638558249e-10
5.022531279763597922e-10
6.723954171228285759e-10
1.010876271578808883e-09
1.409509398087038790e-09
2.034577395448877724e-09
2.650013097849068799e-09
4.094967032131080487e-09
5.793794333186497170e-09
8.241870297354125796e-09
1.022262274830154638e-08
1.761133638922274258e-08
1.815807948446490627e-08
2.801430021293072059e-08
4.193605818159085175e-08
4.533694664132781327e-08
6.277625885786619619e-08
8.355154079708881909e-08
1.124163091503760370e-07
1.406739187359562493e-07
1.770183502003419562e-07
2.401095855475432472e-07
3.152324268285155995e-07
4.389309538055385929e-07
4.718895638688991312e-07
6.883930723233788740e-07
9.059998546945280395e-07
9.434808703190356027e-07
1.192389504467428196e-06
1.569307755744375754e-06
1.767653884598985314e-06
2.348609314140048809e-06
2.718252517297514714e-06
3.311785576443071477e-06
4.533093942882260308e-06
4.708379037765553221e-06
6.106719411036465317e-06
7.494506462535355240e-06
9.212530130753293633e-06
9.847060027823317796e-06
1.250419973075622693e-05
1.587828228366561234e-05
1.711143704596906900e-05
2.103406404785346240e-05
2.560366556281223893e-05
3.106659278273582458e-05
3.708283111336641014e-05
3.906886195181868970e-05
4.802500916412100196e-05
5.283637801767326891e-05
6.306847353698685765e-05
7.528207061113789678e-05
8.920209802454337478e-05
1.042754738591611385e-04
1.212245115311816335e-04
1.280356664210557938e-04
1.528305729152634740e-04
1.638350950088351965e-04
1.904653618112206459e-04
2.214233536506071687e-04
2.533170627430081367e-04
2.876179933082312346e-04
3.265635168645530939e-04
3.707818104885518551e-04
4.209891194477677345e-04
4.779931041412055492e-04
5.427168216556310654e-04
6.162033532746136189e-04
6.996403099037706852e-04
7.943781092762947083e-04
9.019408607855439186e-04
1.019223709590733051e-03
1.133202807977795601e-03
1.259925542399287224e-03
1.400822075083851814e-03
1.557474955916404724e-03
1.701903180219233036e-03
1.900376402772963047e-03
2.074138494208455086e-03
2.263786271214485168e-03
2.470781560987234116e-03
2.696699230000376701e-03
2.943270606920123100e-03
3.212384181097149849e-03
3.506110515445470810e-03
4.176589660346508026e-03
4.558483138680458069e-03
4.915390629321336746e-03
5.278606433421373367e-03
5.926718935370445251e-03
6.468631792813539505e-03
7.020488381385803223e-03
7.539279293268918991e-03
8.096384815871715546e-03
8.694680407643318176e-03
9.337170980870723724e-03
1.076809968799352646e-02
1.156380586326122284e-02
1.241832133382558823e-02
1.333596929907798767e-02
1.432143989950418472e-02
1.537971757352352142e-02
1.651621423661708832e-02
1.892638206481933594e-02
2.004136145114898682e-02
2.122208848595619202e-02
2.247231081128120422e-02
2.519817650318145752e-02
2.668268792331218719e-02
2.825463004410266876e-02
2.991920895874500275e-02
3.168185055255889893e-02
3.552475571632385254e-02
3.761764243245124817e-02
3.983386605978012085e-02
4.218053445219993591e-02
4.729698598384857178e-02
4.999898746609687805e-02
5.231012031435966492e-02
5.615836381912231445e-02
5.990456417202949524e-02
6.267356127500534058e-02
6.860158592462539673e-02
7.177259027957916260e-02
7.509016245603561401e-02
8.219254016876220703e-02
8.599177002906799316e-02
8.996661007404327393e-02
9.847605973482131958e-02
1.030279695987701416e-01
1.077902838587760925e-01
1.179856881499290466e-01
1.234394013881683350e-01
1.291454434394836426e-01
1.374444663524627686e-01
1.474011391401290894e-01
1.526463925838470459e-01
1.637043207883834839e-01
1.695297211408615112e-01
1.818103343248367310e-01
1.882804334163665771e-01
2.019193172454833984e-01
2.091050148010253906e-01
2.242524474859237671e-01
2.322329282760620117e-01
2.404976040124893188e-01
2.579188346862792969e-01
2.670976519584655762e-01
2.864457368850708008e-01
2.966397702693939209e-01
3.181278705596923828e-01
3.294493556022644043e-01
3.533141016960144043e-01
3.658871352672576904e-01
3.836366534233093262e-01
4.044601619243621826e-01
4.208167493343353271e-01
4.378348290920257568e-01
4.616001844406127930e-01
4.739620983600616455e-01
4.996893703937530518e-01
5.268121361732482910e-01
5.409215092658996582e-01
5.702818036079406738e-01
5.855547785758972168e-01
6.173388957977294922e-01
6.508476734161376953e-01
6.682789325714111328e-01
7.045526504516601562e-01
7.234223484992980957e-01
7.626892328262329102e-01
8.040881752967834473e-01
8.256221413612365723e-01
8.704379200935363770e-01
8.937488198280334473e-01
9.422608017921447754e-01
9.934070110321044922e-01
