3.476750276565354625e-10
5.779442480147167771e-10
9.607253881327437739e-10
1.597028176369974517e-09
2.654763520126834919e-09
4.413053034113545436e-09
7.335883900339013053e-09
1.219454848211398712e-08
2.027121759340388962e-08
3.369708423406336806e-08
5.601516051001453889e-08
9.311484205909437151e-08
1.547861785411441815e-07
2.573033839325944427e-07
4.277200389424251625e-07
7.110040201041556429e-07
1.181912580250354949e-06
1.964710918400669470e-06
3.265962050136295147e-06
5.429067186923930421e-06
9.024836799653712660e-06
1.500209145888220519e-05
2.493820102245081216e-05
4.145522325416095555e-05
6.891149678267538548e-05
1.145526039181277156e-04
1.904225064208731055e-04
3.165421658195555210e-04
5.261927144601941109e-04
8.746980456635355949e-04
1.454023527912795544e-03
2.379218349233269691e-03
3.780881641432642937e-03
5.852912552654743195e-03
8.823477663099765778e-03
1.302414759993553162e-02
1.881175488233566284e-02
2.669877372682094574e-02
3.714886680245399475e-02
5.089113116264343262e-02
6.869743019342422485e-02
9.144744277000427246e-02
1.201344653964042664e-01
1.558694988489151001e-01
1.998853683471679688e-01
2.535475194454193115e-01
3.183664083480834961e-01
3.960158228874206543e-01
4.883683025836944580e-01
5.975310802459716797e-01
7.259054183959960938e-01
8.740006089210510254e-01
