8.794000244140625000e+01
9.472499847412109375e+01
9.608999633789062500e+01
9.696666717529296875e+01
9.757666778564453125e+01
9.780000305175781250e+01
9.814167022705078125e+01
9.825833129882812500e+01
9.847166442871093750e+01
9.859999847412109375e+01
9.866833496093750000e+01
9.876499938964843750e+01
9.883499908447265625e+01
9.893499755859375000e+01
9.897666931152343750e+01
9.904000091552734375e+01
9.906500244140625000e+01
9.908833312988281250e+01
9.918499755859375000e+01
9.923166656494140625e+01
9.921166992187500000e+01
9.924333190917968750e+01
9.929666900634765625e+01
9.935500335693359375e+01
9.937999725341796875e+01
9.938166809082031250e+01
9.937500000000000000e+01
9.944333648681640625e+01
9.938333129882812500e+01
9.946499633789062500e+01
9.950833129882812500e+01
9.942166900634765625e+01
9.952666473388671875e+01
9.954499816894531250e+01
9.955666351318359375e+01
9.956999969482421875e+01
9.958999633789062500e+01
9.962999725341796875e+01
9.962166595458984375e+01
9.962833404541015625e+01
9.962833404541015625e+01
9.966999816894531250e+01
9.966833496093750000e+01
9.969166564941406250e+01
9.970333099365234375e+01
9.970333099365234375e+01
9.970999908447265625e+01
9.966333007812500000e+01
9.970666503906250000e+01
9.973833465576171875e+01
9.972333526611328125e+01
9.974166870117187500e+01
9.973500061035156250e+01
9.973000335693359375e+01
9.978666687011718750e+01
9.977500152587890625e+01
9.977666473388671875e+01
9.980999755859375000e+01
9.980500030517578125e+01
9.980166625976562500e+01
9.981500244140625000e+01
9.981500244140625000e+01
9.982666778564453125e+01
9.983166503906250000e+01
9.982666778564453125e+01
9.984333038330078125e+01
9.984666442871093750e+01
9.984666442871093750e+01
9.983166503906250000e+01
9.986166381835937500e+01
9.987000274658203125e+01
9.983666992187500000e+01
9.986166381835937500e+01
9.986166381835937500e+01
9.987666320800781250e+01
9.986333465576171875e+01
9.987000274658203125e+01
9.985666656494140625e+01
9.987333679199218750e+01
9.987833404541015625e+01
9.987500000000000000e+01
9.988666534423828125e+01
9.989666748046875000e+01
9.987333679199218750e+01
9.990000152587890625e+01
9.987166595458984375e+01
9.989167022705078125e+01
9.989499664306640625e+01
9.991666412353515625e+01
9.990166473388671875e+01
9.993000030517578125e+01
9.991666412353515625e+01
9.991500091552734375e+01
9.991000366210937500e+01
9.992166900634765625e+01
9.991666412353515625e+01
9.992333221435546875e+01
9.990000152587890625e+01
9.992166900634765625e+01
9.991166687011718750e+01
9.994999694824218750e+01
9.993000030517578125e+01
9.993333435058593750e+01
9.991833496093750000e+01
9.995333099365234375e+01
9.993499755859375000e+01
9.994833374023437500e+01
9.995833587646484375e+01
9.991999816894531250e+01
9.995666503906250000e+01
9.995166778564453125e+01
9.995166778564453125e+01
9.996166992187500000e+01
9.993499755859375000e+01
9.995333099365234375e+01
9.996333312988281250e+01
9.995166778564453125e+01
9.994999694824218750e+01
9.995333099365234375e+01
9.994333648681640625e+01
9.996499633789062500e+01
9.996666717529296875e+01
9.995833587646484375e+01
9.996166992187500000e+01
9.995666503906250000e+01
9.995833587646484375e+01
9.995999908447265625e+01
9.997000122070312500e+01
9.995833587646484375e+01
9.995999908447265625e+01
9.997000122070312500e+01
9.997000122070312500e+01
9.997499847412109375e+01
9.997666931152343750e+01
9.997166442871093750e+01
9.996499633789062500e+01
9.997666931152343750e+01
9.996166992187500000e+01
9.998000335693359375e+01
9.996666717529296875e+01
9.998166656494140625e+01
9.997333526611328125e+01
9.997833251953125000e+01
9.997666931152343750e+01
9.998833465576171875e+01
9.998500061035156250e+01
9.998166656494140625e+01
9.998332977294921875e+01
9.997833251953125000e+01
9.998000335693359375e+01
9.998833465576171875e+01
9.998166656494140625e+01
9.998332977294921875e+01
9.998332977294921875e+01
9.998500061035156250e+01
9.998833465576171875e+01
9.998999786376953125e+01
9.999666595458984375e+01
9.998166656494140625e+01
9.998999786376953125e+01
9.998999786376953125e+01
9.999166870117187500e+01
9.999166870117187500e+01
9.998999786376953125e+01
9.998999786376953125e+01
9.999333190917968750e+01
9.999333190917968750e+01
9.998999786376953125e+01
9.999500274658203125e+01
9.998999786376953125e+01
9.998833465576171875e+01
9.999333190917968750e+01
9.998500061035156250e+01
9.998166656494140625e+01
9.999666595458984375e+01
9.999500274658203125e+01
9.999333190917968750e+01
9.999500274658203125e+01
9.998332977294921875e+01
9.999500274658203125e+01
9.999833679199218750e+01
9.998833465576171875e+01
9.999666595458984375e+01
9.998833465576171875e+01
9.999500274658203125e+01
9.999666595458984375e+01
9.999166870117187500e+01
9.999833679199218750e+01
9.998666381835937500e+01
9.999500274658203125e+01
9.999833679199218750e+01
9.999500274658203125e+01
9.999166870117187500e+01
9.998666381835937500e+01
9.999833679199218750e+01
9.999333190917968750e+01
9.998999786376953125e+01
9.999500274658203125e+01
9.999666595458984375e+01
9.999666595458984375e+01
9.999333190917968750e+01
9.999333190917968750e+01
9.999166870117187500e+01
9.999833679199218750e+01
9.999833679199218750e+01
9.998500061035156250e+01
9.999666595458984375e+01
9.999333190917968750e+01
9.998833465576171875e+01
1.000000000000000000e+02
9.999833679199218750e+01
1.000000000000000000e+02
9.999666595458984375e+01
9.999833679199218750e+01
9.999833679199218750e+01
9.999833679199218750e+01
9.999666595458984375e+01
9.999833679199218750e+01
1.000000000000000000e+02
9.999833679199218750e+01
1.000000000000000000e+02
9.999666595458984375e+01
9.999833679199218750e+01
1.000000000000000000e+02
1.000000000000000000e+02
1.000000000000000000e+02
1.000000000000000000e+02
9.999666595458984375e+01
1.000000000000000000e+02
9.999500274658203125e+01
9.999833679199218750e+01
9.999833679199218750e+01
1.000000000000000000e+02
1.000000000000000000e+02
1.000000000000000000e+02
1.000000000000000000e+02
9.999833679199218750e+01
9.999833679199218750e+01
1.000000000000000000e+02
9.999833679199218750e+01
1.000000000000000000e+02
9.999833679199218750e+01
1.000000000000000000e+02
9.999666595458984375e+01
9.999666595458984375e+01
1.000000000000000000e+02
1.000000000000000000e+02
1.000000000000000000e+02
1.000000000000000000e+02
9.999666595458984375e+01
9.999833679199218750e+01
9.999666595458984375e+01
1.000000000000000000e+02
1.000000000000000000e+02
9.999833679199218750e+01
1.000000000000000000e+02
1.000000000000000000e+02
1.000000000000000000e+02
1.000000000000000000e+02
9.999666595458984375e+01
1.000000000000000000e+02
1.000000000000000000e+02
1.000000000000000000e+02
1.000000000000000000e+02
9.999833679199218750e+01
9.999833679199218750e+01
1.000000000000000000e+02
1.000000000000000000e+02
1.000000000000000000e+02
9.999833679199218750e+01
9.999833679199218750e+01
9.999833679199218750e+01
9.999833679199218750e+01
9.999833679199218750e+01
9.999666595458984375e+01
1.000000000000000000e+02
1.000000000000000000e+02
1.000000000000000000e+02
1.000000000000000000e+02
1.000000000000000000e+02
1.000000000000000000e+02
1.000000000000000000e+02
1.000000000000000000e+02
1.000000000000000000e+02
1.000000000000000000e+02
1.000000000000000000e+02
1.000000000000000000e+02
1.000000000000000000e+02
1.000000000000000000e+02
1.000000000000000000e+02
1.000000000000000000e+02
1.000000000000000000e+02
1.000000000000000000e+02
9.999833679199218750e+01
1.000000000000000000e+02
1.000000000000000000e+02
1.000000000000000000e+02
1.000000000000000000e+02
9.999833679199218750e+01
9.999500274658203125e+01
9.999500274658203125e+01
1.000000000000000000e+02
1.000000000000000000e+02
9.999833679199218750e+01
1.000000000000000000e+02
1.000000000000000000e+02
1.000000000000000000e+02
1.000000000000000000e+02
1.000000000000000000e+02
1.000000000000000000e+02
1.000000000000000000e+02
1.000000000000000000e+02
1.000000000000000000e+02
1.000000000000000000e+02
1.000000000000000000e+02
1.000000000000000000e+02
1.000000000000000000e+02
1.000000000000000000e+02
1.000000000000000000e+02
1.000000000000000000e+02
1.000000000000000000e+02
1.000000000000000000e+02
1.000000000000000000e+02
1.000000000000000000e+02
1.000000000000000000e+02
1.000000000000000000e+02
1.000000000000000000e+02
1.000000000000000000e+02
1.000000000000000000e+02
1.000000000000000000e+02
1.000000000000000000e+02
9.999833679199218750e+01
1.000000000000000000e+02
1.000000000000000000e+02
1.000000000000000000e+02
1.000000000000000000e+02
9.999833679199218750e+01
1.000000000000000000e+02
9.999833679199218750e+01
1.000000000000000000e+02
1.000000000000000000e+02
1.000000000000000000e+02
1.000000000000000000e+02
1.000000000000000000e+02
1.000000000000000000e+02
1.000000000000000000e+02
9.999500274658203125e+01
1.000000000000000000e+02
1.000000000000000000e+02
1.000000000000000000e+02
1.000000000000000000e+02
1.000000000000000000e+02
1.000000000000000000e+02
1.000000000000000000e+02
1.000000000000000000e+02
1.000000000000000000e+02
1.000000000000000000e+02
1.000000000000000000e+02
9.999833679199218750e+01
9.999833679199218750e+01
1.000000000000000000e+02
1.000000000000000000e+02
1.000000000000000000e+02
1.000000000000000000e+02
1.000000000000000000e+02
1.000000000000000000e+02
1.000000000000000000e+02
1.000000000000000000e+02
9.999833679199218750e+01
1.000000000000000000e+02
1.000000000000000000e+02
1.000000000000000000e+02
1.000000000000000000e+02
1.000000000000000000e+02
1.000000000000000000e+02
1.000000000000000000e+02
1.000000000000000000e+02
1.000000000000000000e+02
1.000000000000000000e+02
1.000000000000000000e+02
1.000000000000000000e+02
1.000000000000000000e+02
9.999833679199218750e+01
1.000000000000000000e+02
9.999833679199218750e+01
1.000000000000000000e+02
1.000000000000000000e+02
1.000000000000000000e+02
1.000000000000000000e+02
1.000000000000000000e+02
1.000000000000000000e+02
1.000000000000000000e+02
1.000000000000000000e+02
9.999833679199218750e+01
1.000000000000000000e+02
9.999833679199218750e+01
1.000000000000000000e+02
1.000000000000000000e+02
1.000000000000000000e+02
1.000000000000000000e+02
1.000000000000000000e+02
9.999833679199218750e+01
1.000000000000000000e+02
1.000000000000000000e+02
1.000000000000000000e+02
1.000000000000000000e+02
1.000000000000000000e+02
1.000000000000000000e+02
1.000000000000000000e+02
9.999833679199218750e+01
1.000000000000000000e+02
1.000000000000000000e+02
1.000000000000000000e+02
1.000000000000000000e+02
1.000000000000000000e+02
1.000000000000000000e+02
1.000000000000000000e+02
1.000000000000000000e+02
1.000000000000000000e+02
1.000000000000000000e+02
9.999833679199218750e+01
1.000000000000000000e+02
1.000000000000000000e+02
1.000000000000000000e+02
1.000000000000000000e+02
1.000000000000000000e+02
1.000000000000000000e+02
1.000000000000000000e+02
1.000000000000000000e+02
1.000000000000000000e+02
1.000000000000000000e+02
9.999833679199218750e+01
9.999833679199218750e+01
1.000000000000000000e+02
9.999833679199218750e+01
1.000000000000000000e+02
1.000000000000000000e+02
1.000000000000000000e+02
1.000000000000000000e+02
9.999833679199218750e+01
1.000000000000000000e+02
1.000000000000000000e+02
9.999833679199218750e+01
1.000000000000000000e+02
9.999833679199218750e+01
1.000000000000000000e+02
1.000000000000000000e+02
9.999833679199218750e+01
1.000000000000000000e+02
1.000000000000000000e+02
1.000000000000000000e+02
1.000000000000000000e+02
1.000000000000000000e+02
1.000000000000000000e+02
1.000000000000000000e+02
1.000000000000000000e+02
1.000000000000000000e+02
1.000000000000000000e+02
1.000000000000000000e+02
1.000000000000000000e+02
1.000000000000000000e+02
1.000000000000000000e+02
1.000000000000000000e+02
1.000000000000000000e+02
1.000000000000000000e+02
1.000000000000000000e+02
1.000000000000000000e+02
1.000000000000000000e+02
1.000000000000000000e+02
1.000000000000000000e+02
1.000000000000000000e+02
9.999833679199218750e+01
1.000000000000000000e+02
1.000000000000000000e+02
1.000000000000000000e+02
1.000000000000000000e+02
1.000000000000000000e+02
1.000000000000000000e+02
1.000000000000000000e+02
9.999833679199218750e+01
1.000000000000000000e+02
1.000000000000000000e+02
1.000000000000000000e+02
1.000000000000000000e+02
1.000000000000000000e+02
1.000000000000000000e+02
1.000000000000000000e+02
1.000000000000000000e+02
1.000000000000000000e+02
1.000000000000000000e+02
1.000000000000000000e+02
1.000000000000000000e+02
1.000000000000000000e+02
1.000000000000000000e+02
1.000000000000000000e+02
9.999833679199218750e+01
1.000000000000000000e+02
1.000000000000000000e+02
1.000000000000000000e+02
1.000000000000000000e+02
1.000000000000000000e+02
1.000000000000000000e+02
1.000000000000000000e+02
9.999833679199218750e+01
1.000000000000000000e+02
1.000000000000000000e+02
1.000000000000000000e+02
1.000000000000000000e+02
1.000000000000000000e+02
1.000000000000000000e+02
1.000000000000000000e+02
1.000000000000000000e+02
1.000000000000000000e+02
1.000000000000000000e+02
1.000000000000000000e+02
1.000000000000000000e+02
1.000000000000000000e+02
1.000000000000000000e+02
1.000000000000000000e+02
1.000000000000000000e+02
1.000000000000000000e+02
