4.772499847412109375e+01
8.168666839599609375e+01
8.734666442871093750e+01
8.968333435058593750e+01
9.110333251953125000e+01
9.237000274658203125e+01
9.195500183105468750e+01
9.311000061035156250e+01
9.409500122070312500e+01
9.447166442871093750e+01
9.467166900634765625e+01
9.528166961669921875e+01
9.530833435058593750e+01
9.554833221435546875e+01
9.593499755859375000e+01
9.587166595458984375e+01
9.614833068847656250e+01
9.634999847412109375e+01
9.641999816894531250e+01
9.666333007812500000e+01
9.666999816894531250e+01
9.686666870117187500e+01
9.691833496093750000e+01
9.705500030517578125e+01
9.701833343505859375e+01
9.721499633789062500e+01
9.728166961669921875e+01
9.734833526611328125e+01
9.741999816894531250e+01
9.745166778564453125e+01
9.754333496093750000e+01
9.750000000000000000e+01
9.767833709716796875e+01
9.774333190917968750e+01
9.770999908447265625e+01
9.781666564941406250e+01
9.770333099365234375e+01
9.784500122070312500e+01
9.798833465576171875e+01
9.800666809082031250e+01
9.795999908447265625e+01
9.804166412353515625e+01
9.801000213623046875e+01
9.812166595458984375e+01
9.813333129882812500e+01
9.807833099365234375e+01
9.819333648681640625e+01
9.824666595458984375e+01
9.822333526611328125e+01
9.820666503906250000e+01
9.829166412353515625e+01
9.827333068847656250e+01
9.826999664306640625e+01
9.821499633789062500e+01
9.833666992187500000e+01
9.844333648681640625e+01
9.844166564941406250e+01
9.844999694824218750e+01
9.839666748046875000e+01
9.839499664306640625e+01
9.853666687011718750e+01
9.847000122070312500e+01
9.852500152587890625e+01
9.848332977294921875e+01
9.851333618164062500e+01
9.860832977294921875e+01
9.861166381835937500e+01
9.855333709716796875e+01
9.860500335693359375e+01
9.855333709716796875e+01
9.866333007812500000e+01
9.865499877929687500e+01
9.868666839599609375e+01
9.872833251953125000e+01
9.872833251953125000e+01
9.876999664306640625e+01
9.865833282470703125e+01
9.873000335693359375e+01
9.874833679199218750e+01
9.875499725341796875e+01
9.879166412353515625e+01
9.878166961669921875e+01
9.873500061035156250e+01
9.882833099365234375e+01
9.887166595458984375e+01
9.884666442871093750e+01
9.884999847412109375e+01
9.889333343505859375e+01
9.877666473388671875e+01
9.888666534423828125e+01
9.894666290283203125e+01
9.884333038330078125e+01
9.891500091552734375e+01
9.884666442871093750e+01
9.892500305175781250e+01
9.899333190917968750e+01
9.898999786376953125e+01
9.897833251953125000e+01
9.895999908447265625e+01
9.896499633789062500e+01
9.898999786376953125e+01
9.898500061035156250e+01
9.898332977294921875e+01
9.892666625976562500e+01
9.899666595458984375e+01
9.901333618164062500e+01
9.904666900634765625e+01
9.904833221435546875e+01
9.907333374023437500e+01
9.903666687011718750e+01
9.906666564941406250e+01
9.909166717529296875e+01
9.901667022705078125e+01
9.911833190917968750e+01
9.905666351318359375e+01
9.902833557128906250e+01
9.911333465576171875e+01
9.902999877929687500e+01
9.909500122070312500e+01
9.911666870117187500e+01
9.914499664306640625e+01
9.917500305175781250e+01
9.916833496093750000e+01
9.918499755859375000e+01
9.918166351318359375e+01
9.917500305175781250e+01
9.912833404541015625e+01
9.906166839599609375e+01
9.909666442871093750e+01
9.919499969482421875e+01
9.915499877929687500e+01
9.916500091552734375e+01
9.916500091552734375e+01
9.908333587646484375e+01
9.919833374023437500e+01
9.919833374023437500e+01
9.918166351318359375e+01
9.925000000000000000e+01
9.919000244140625000e+01
9.924333190917968750e+01
9.924500274658203125e+01
9.920666503906250000e+01
9.921499633789062500e+01
9.920166778564453125e+01
9.920666503906250000e+01
9.930666351318359375e+01
9.927333068847656250e+01
9.927999877929687500e+01
9.923666381835937500e+01
9.926000213623046875e+01
9.925166320800781250e+01
9.924666595458984375e+01
9.921333312988281250e+01
9.925166320800781250e+01
9.928500366210937500e+01
9.926833343505859375e+01
9.926166534423828125e+01
9.927833557128906250e+01
9.924666595458984375e+01
9.928333282470703125e+01
9.926166534423828125e+01
9.925833129882812500e+01
9.933166503906250000e+01
9.931500244140625000e+01
9.931833648681640625e+01
9.932833099365234375e+01
9.929833221435546875e+01
9.933000183105468750e+01
9.929333496093750000e+01
9.924500274658203125e+01
9.931833648681640625e+01
9.928333282470703125e+01
9.932333374023437500e+01
9.934166717529296875e+01
9.928166961669921875e+01
9.934166717529296875e+01
9.933333587646484375e+01
9.932499694824218750e+01
9.932333374023437500e+01
9.932166290283203125e+01
9.936333465576171875e+01
9.936166381835937500e+01
9.936333465576171875e+01
9.931666564941406250e+01
9.938166809082031250e+01
9.937333679199218750e+01
9.930500030517578125e+01
9.937000274658203125e+01
9.940000152587890625e+01
9.938333129882812500e+01
9.930166625976562500e+01
9.941666412353515625e+01
9.939833068847656250e+01
9.940333557128906250e+01
9.945500183105468750e+01
9.941833496093750000e+01
9.943499755859375000e+01
9.940166473388671875e+01
9.938500213623046875e+01
9.943499755859375000e+01
9.940499877929687500e+01
9.940000152587890625e+01
9.943166351318359375e+01
9.939833068847656250e+01
9.941500091552734375e+01
9.943833160400390625e+01
9.941500091552734375e+01
9.944666290283203125e+01
9.945500183105468750e+01
9.944666290283203125e+01
9.946333312988281250e+01
9.944999694824218750e+01
9.945166778564453125e+01
9.948332977294921875e+01
9.942500305175781250e+01
9.944166564941406250e+01
9.946666717529296875e+01
9.941666412353515625e+01
9.945333099365234375e+01
9.947000122070312500e+01
9.947499847412109375e+01
9.950166320800781250e+01
9.948999786376953125e+01
9.945999908447265625e+01
9.939333343505859375e+01
9.946499633789062500e+01
9.947833251953125000e+01
9.947833251953125000e+01
9.946333312988281250e+01
9.949833679199218750e+01
9.948500061035156250e+01
9.945833587646484375e+01
9.947166442871093750e+01
9.948833465576171875e+01
9.952333068847656250e+01
9.953333282470703125e+01
9.952666473388671875e+01
9.950499725341796875e+01
9.950000000000000000e+01
9.948666381835937500e+01
9.946833038330078125e+01
9.951667022705078125e+01
9.954000091552734375e+01
9.950833129882812500e+01
9.949166870117187500e+01
9.955166625976562500e+01
9.952666473388671875e+01
9.952500152587890625e+01
9.956833648681640625e+01
9.950666809082031250e+01
9.954833221435546875e+01
9.952166748046875000e+01
9.953166961669921875e+01
9.956500244140625000e+01
9.953833007812500000e+01
