8.485500335693359375e+01
9.282666778564453125e+01
9.529000091552734375e+01
9.535832977294921875e+01
9.708666992187500000e+01
9.699833679199218750e+01
9.735333251953125000e+01
9.761666870117187500e+01
9.773166656494140625e+01
9.775666809082031250e+01
9.801999664306640625e+01
9.833499908447265625e+01
9.838500213623046875e+01
9.829166412353515625e+01
9.851166534423828125e+01
9.852500152587890625e+01
9.849833679199218750e+01
9.856333160400390625e+01
9.863666534423828125e+01
9.868000030517578125e+01
9.827666473388671875e+01
9.867333221435546875e+01
9.852666473388671875e+01
9.867166900634765625e+01
9.874333190917968750e+01
9.851667022705078125e+01
9.887166595458984375e+01
9.878500366210937500e+01
9.852333068847656250e+01
9.871833038330078125e+01
9.888333129882812500e+01
9.875166320800781250e+01
9.865000152587890625e+01
9.888999938964843750e+01
9.893000030517578125e+01
9.890833282470703125e+01
9.894499969482421875e+01
9.883666992187500000e+01
9.891833496093750000e+01
9.883833312988281250e+01
9.896499633789062500e+01
9.897000122070312500e+01
9.901499938964843750e+01
9.889499664306640625e+01
9.903833007812500000e+01
9.898332977294921875e+01
9.880333709716796875e+01
9.886666870117187500e+01
9.893000030517578125e+01
9.905500030517578125e+01
9.892166900634765625e+01
9.899833679199218750e+01
9.894666290283203125e+01
9.898500061035156250e+01
9.906666564941406250e+01
9.894999694824218750e+01
9.882333374023437500e+01
9.902166748046875000e+01
9.890833282470703125e+01
9.896333312988281250e+01
9.905000305175781250e+01
9.901999664306640625e+01
9.910500335693359375e+01
9.890333557128906250e+01
9.900000000000000000e+01
9.898500061035156250e+01
9.908333587646484375e+01
9.909166717529296875e+01
9.894166564941406250e+01
9.890333557128906250e+01
9.891833496093750000e+01
9.908499908447265625e+01
9.903500366210937500e+01
9.889333343505859375e+01
9.903333282470703125e+01
9.912666320800781250e+01
9.919499969482421875e+01
9.911666870117187500e+01
9.905500030517578125e+01
9.912666320800781250e+01
9.904833221435546875e+01
9.895500183105468750e+01
9.908333587646484375e+01
9.910166931152343750e+01
9.911166381835937500e+01
9.916333007812500000e+01
9.912333679199218750e+01
9.905000305175781250e+01
9.915666961669921875e+01
9.913666534423828125e+01
9.905833435058593750e+01
9.924166870117187500e+01
9.907166290283203125e+01
9.908166503906250000e+01
9.908166503906250000e+01
9.900666809082031250e+01
9.923166656494140625e+01
9.911166381835937500e+01
9.905000305175781250e+01
9.901499938964843750e+01
9.918000030517578125e+01
9.910832977294921875e+01
9.913999938964843750e+01
9.910333251953125000e+01
9.921666717529296875e+01
9.915833282470703125e+01
9.908666992187500000e+01
9.895999908447265625e+01
9.909666442871093750e+01
9.915333557128906250e+01
9.916333007812500000e+01
9.911833190917968750e+01
9.891166687011718750e+01
9.915000152587890625e+01
9.900333404541015625e+01
9.895166778564453125e+01
9.906500244140625000e+01
9.906666564941406250e+01
9.919333648681640625e+01
9.910333251953125000e+01
9.916166687011718750e+01
9.922666931152343750e+01
9.917333221435546875e+01
9.897499847412109375e+01
9.905333709716796875e+01
9.886333465576171875e+01
9.910666656494140625e+01
9.920500183105468750e+01
9.892500305175781250e+01
9.916833496093750000e+01
9.908833312988281250e+01
9.904000091552734375e+01
9.908000183105468750e+01
9.911166381835937500e+01
9.911000061035156250e+01
9.912333679199218750e+01
9.909333038330078125e+01
9.918833160400390625e+01
9.918833160400390625e+01
9.921333312988281250e+01
9.912333679199218750e+01
9.914167022705078125e+01
9.917166900634765625e+01
9.907166290283203125e+01
9.921499633789062500e+01
9.911833190917968750e+01
9.919499969482421875e+01
9.926166534423828125e+01
9.906833648681640625e+01
9.907333374023437500e+01
9.919000244140625000e+01
9.911000061035156250e+01
9.915833282470703125e+01
9.922166442871093750e+01
9.906500244140625000e+01
9.922499847412109375e+01
9.904666900634765625e+01
9.908499908447265625e+01
9.919999694824218750e+01
9.907833099365234375e+01
9.915166473388671875e+01
9.911000061035156250e+01
9.905166625976562500e+01
9.911833190917968750e+01
9.922666931152343750e+01
9.923999786376953125e+01
9.925499725341796875e+01
9.915666961669921875e+01
9.927333068847656250e+01
9.919999694824218750e+01
9.927333068847656250e+01
9.914167022705078125e+01
9.918000030517578125e+01
9.913666534423828125e+01
9.920500183105468750e+01
9.922000122070312500e+01
9.917666625976562500e+01
9.915499877929687500e+01
9.909166717529296875e+01
9.923666381835937500e+01
9.930166625976562500e+01
9.921499633789062500e+01
9.924166870117187500e+01
9.927166748046875000e+01
9.923332977294921875e+01
9.898500061035156250e+01
9.922333526611328125e+01
9.919833374023437500e+01
9.920500183105468750e+01
9.922499847412109375e+01
9.916166687011718750e+01
9.927833557128906250e+01
9.920166778564453125e+01
9.926166534423828125e+01
9.927666473388671875e+01
9.923000335693359375e+01
9.931333160400390625e+01
9.916999816894531250e+01
9.925833129882812500e+01
9.927500152587890625e+01
9.919499969482421875e+01
9.922666931152343750e+01
9.919499969482421875e+01
9.910166931152343750e+01
9.916666412353515625e+01
9.922499847412109375e+01
9.926000213623046875e+01
9.926667022705078125e+01
9.916000366210937500e+01
9.910166931152343750e+01
9.923666381835937500e+01
9.920666503906250000e+01
9.919666290283203125e+01
9.916333007812500000e+01
9.912500000000000000e+01
9.930000305175781250e+01
9.922666931152343750e+01
9.921499633789062500e+01
9.920833587646484375e+01
9.915333557128906250e+01
9.932166290283203125e+01
9.933833312988281250e+01
9.927666473388671875e+01
9.920166778564453125e+01
9.909333038330078125e+01
9.907833099365234375e+01
9.912500000000000000e+01
9.896499633789062500e+01
9.917166900634765625e+01
9.922499847412109375e+01
9.928500366210937500e+01
9.915166473388671875e+01
9.926833343505859375e+01
9.921166992187500000e+01
9.914833068847656250e+01
9.926499938964843750e+01
9.926333618164062500e+01
9.928333282470703125e+01
9.925000000000000000e+01
9.921166992187500000e+01
9.928166961669921875e+01
9.932499694824218750e+01
9.915833282470703125e+01
9.914499664306640625e+01
9.915499877929687500e+01
9.922166442871093750e+01
9.919833374023437500e+01
9.925833129882812500e+01
9.929333496093750000e+01
9.921166992187500000e+01
9.923500061035156250e+01
9.924833679199218750e+01
9.915833282470703125e+01
9.929333496093750000e+01
9.931333160400390625e+01
9.920999908447265625e+01
9.918833160400390625e+01
9.917833709716796875e+01
9.909666442871093750e+01
9.927500152587890625e+01
9.932166290283203125e+01
9.919999694824218750e+01
9.932499694824218750e+01
9.918166351318359375e+01
9.916333007812500000e+01
9.918333435058593750e+01
9.926499938964843750e+01
9.930000305175781250e+01
9.921333312988281250e+01
9.922166442871093750e+01
9.927833557128906250e+01
9.924166870117187500e+01
9.924833679199218750e+01
9.925833129882812500e+01
9.928666687011718750e+01
9.931500244140625000e+01
9.926166534423828125e+01
9.929166412353515625e+01
9.907499694824218750e+01
9.924166870117187500e+01
9.927999877929687500e+01
9.924166870117187500e+01
9.924500274658203125e+01
9.924166870117187500e+01
9.918166351318359375e+01
9.923500061035156250e+01
9.933499908447265625e+01
9.927166748046875000e+01
9.912166595458984375e+01
9.913166809082031250e+01
9.921499633789062500e+01
9.927500152587890625e+01
9.926333618164062500e+01
9.926833343505859375e+01
9.933333587646484375e+01
9.925166320800781250e+01
9.928666687011718750e+01
9.925833129882812500e+01
9.922166442871093750e+01
9.929666900634765625e+01
9.915666961669921875e+01
9.917500305175781250e+01
9.924166870117187500e+01
9.918333435058593750e+01
9.920833587646484375e+01
9.920833587646484375e+01
9.923000335693359375e+01
9.929833221435546875e+01
9.916666412353515625e+01
9.912166595458984375e+01
9.934333038330078125e+01
9.934333038330078125e+01
9.924833679199218750e+01
9.928500366210937500e+01
9.931500244140625000e+01
9.935666656494140625e+01
9.935666656494140625e+01
9.924333190917968750e+01
9.930166625976562500e+01
9.932166290283203125e+01
9.930833435058593750e+01
9.922833251953125000e+01
9.922499847412109375e+01
9.934500122070312500e+01
9.933499908447265625e+01
9.932833099365234375e+01
9.936499786376953125e+01
9.926166534423828125e+01
9.926499938964843750e+01
9.932666778564453125e+01
9.929499816894531250e+01
9.924666595458984375e+01
9.929833221435546875e+01
9.937166595458984375e+01
9.930166625976562500e+01
9.926499938964843750e+01
9.932333374023437500e+01
9.934333038330078125e+01
9.930666351318359375e+01
9.932333374023437500e+01
9.934999847412109375e+01
9.923666381835937500e+01
9.936833190917968750e+01
9.927333068847656250e+01
9.936333465576171875e+01
9.937333679199218750e+01
9.932333374023437500e+01
9.918000030517578125e+01
9.929333496093750000e+01
9.935500335693359375e+01
9.931833648681640625e+01
9.933833312988281250e+01
9.938500213623046875e+01
9.933666992187500000e+01
9.931999969482421875e+01
9.936000061035156250e+01
9.929666900634765625e+01
9.928166961669921875e+01
9.936333465576171875e+01
9.934833526611328125e+01
9.934500122070312500e+01
9.934500122070312500e+01
9.926333618164062500e+01
9.929833221435546875e+01
9.925000000000000000e+01
9.936666870117187500e+01
9.930999755859375000e+01
9.936000061035156250e+01
9.937333679199218750e+01
9.921666717529296875e+01
9.936833190917968750e+01
9.925000000000000000e+01
9.927666473388671875e+01
9.928500366210937500e+01
9.930666351318359375e+01
9.926333618164062500e+01
9.933166503906250000e+01
9.939167022705078125e+01
9.945666503906250000e+01
9.931166839599609375e+01
9.940166473388671875e+01
9.938999938964843750e+01
9.930999755859375000e+01
9.938999938964843750e+01
9.937000274658203125e+01
9.933166503906250000e+01
9.945500183105468750e+01
9.933166503906250000e+01
9.943333435058593750e+01
9.942666625976562500e+01
9.944499969482421875e+01
9.940166473388671875e+01
9.928333282470703125e+01
9.943499755859375000e+01
9.939167022705078125e+01
9.937999725341796875e+01
9.930500030517578125e+01
9.936166381835937500e+01
9.936000061035156250e+01
9.944000244140625000e+01
9.938999938964843750e+01
9.932666778564453125e+01
9.934333038330078125e+01
9.926667022705078125e+01
9.938333129882812500e+01
9.936499786376953125e+01
9.935666656494140625e+01
9.932666778564453125e+01
9.931666564941406250e+01
9.938500213623046875e+01
9.923332977294921875e+01
9.930500030517578125e+01
9.936333465576171875e+01
9.932666778564453125e+01
9.934999847412109375e+01
9.925833129882812500e+01
9.934166717529296875e+01
9.937000274658203125e+01
9.936333465576171875e+01
9.925166320800781250e+01
9.936333465576171875e+01
9.941333007812500000e+01
9.937666320800781250e+01
9.943333435058593750e+01
9.925666809082031250e+01
9.935333251953125000e+01
9.944833374023437500e+01
9.942500305175781250e+01
9.942833709716796875e+01
9.944000244140625000e+01
9.937333679199218750e+01
9.946833038330078125e+01
9.938666534423828125e+01
9.945833587646484375e+01
9.944166564941406250e+01
9.934500122070312500e+01
9.944166564941406250e+01
9.934500122070312500e+01
9.932833099365234375e+01
9.940000152587890625e+01
9.938666534423828125e+01
9.940666961669921875e+01
9.942166900634765625e+01
9.929000091552734375e+01
9.944000244140625000e+01
9.936000061035156250e+01
9.938333129882812500e+01
9.941333007812500000e+01
9.940833282470703125e+01
9.941333007812500000e+01
9.946333312988281250e+01
9.945500183105468750e+01
9.934833526611328125e+01
9.944499969482421875e+01
9.943499755859375000e+01
9.937000274658203125e+01
9.926999664306640625e+01
9.939167022705078125e+01
9.938500213623046875e+01
9.931500244140625000e+01
9.940166473388671875e+01
9.942500305175781250e+01
9.938666534423828125e+01
9.939499664306640625e+01
9.938166809082031250e+01
9.946666717529296875e+01
9.944166564941406250e+01
9.941500091552734375e+01
9.942333221435546875e+01
9.941833496093750000e+01
9.943000030517578125e+01
9.933333587646484375e+01
9.941999816894531250e+01
9.942166900634765625e+01
9.939666748046875000e+01
9.945500183105468750e+01
9.937333679199218750e+01
9.940166473388671875e+01
9.943499755859375000e+01
9.942833709716796875e+01
9.928500366210937500e+01
9.941166687011718750e+01
9.930999755859375000e+01
9.942166900634765625e+01
9.927833557128906250e+01
9.938500213623046875e+01
9.937333679199218750e+01
9.940166473388671875e+01
9.941333007812500000e+01
9.942833709716796875e+01
9.943000030517578125e+01
9.947333526611328125e+01
9.942500305175781250e+01
9.944833374023437500e+01
9.931999969482421875e+01
9.928833007812500000e+01
9.940333557128906250e+01
9.941000366210937500e+01
9.931833648681640625e+01
9.939666748046875000e+01
9.927999877929687500e+01
9.938500213623046875e+01
9.945166778564453125e+01
9.946666717529296875e+01
9.938833618164062500e+01
9.929666900634765625e+01
9.941000366210937500e+01
9.929166412353515625e+01
9.919166564941406250e+01
9.937666320800781250e+01
9.947666931152343750e+01
9.945999908447265625e+01
9.941999816894531250e+01
9.937999725341796875e+01
9.941166687011718750e+01
9.937000274658203125e+01
9.935666656494140625e+01
9.942333221435546875e+01
9.939333343505859375e+01
9.941666412353515625e+01
9.945666503906250000e+01
