8.083999633789062500e+01
9.323000335693359375e+01
9.430000305175781250e+01
9.530000305175781250e+01
9.641000366210937500e+01
9.683999633789062500e+01
9.679000091552734375e+01
9.704000091552734375e+01
9.719999694824218750e+01
9.733000183105468750e+01
9.737999725341796875e+01
9.758000183105468750e+01
9.762999725341796875e+01
9.766999816894531250e+01
9.791000366210937500e+01
9.788999938964843750e+01
9.798000335693359375e+01
9.793000030517578125e+01
9.809999847412109375e+01
9.795999908447265625e+01
9.794000244140625000e+01
9.786000061035156250e+01
9.787999725341796875e+01
9.809999847412109375e+01
9.809999847412109375e+01
9.808999633789062500e+01
9.809999847412109375e+01
9.806999969482421875e+01
9.809999847412109375e+01
9.808999633789062500e+01
9.798999786376953125e+01
9.808999633789062500e+01
9.798999786376953125e+01
9.808999633789062500e+01
9.819000244140625000e+01
9.819000244140625000e+01
9.813999938964843750e+01
9.834999847412109375e+01
9.837999725341796875e+01
9.831999969482421875e+01
9.837000274658203125e+01
9.837000274658203125e+01
9.833000183105468750e+01
9.830000305175781250e+01
9.841000366210937500e+01
9.844999694824218750e+01
9.841000366210937500e+01
9.841999816894531250e+01
9.845999908447265625e+01
9.830000305175781250e+01
9.836000061035156250e+01
9.837000274658203125e+01
9.844999694824218750e+01
9.823999786376953125e+01
9.848999786376953125e+01
9.841000366210937500e+01
9.831999969482421875e+01
9.834999847412109375e+01
9.847000122070312500e+01
9.819999694824218750e+01
9.834999847412109375e+01
9.844999694824218750e+01
9.840000152587890625e+01
9.844000244140625000e+01
9.843000030517578125e+01
9.838999938964843750e+01
9.847000122070312500e+01
9.838999938964843750e+01
9.844999694824218750e+01
9.837000274658203125e+01
9.838999938964843750e+01
9.847000122070312500e+01
9.840000152587890625e+01
9.845999908447265625e+01
9.848999786376953125e+01
9.848000335693359375e+01
9.841999816894531250e+01
9.847000122070312500e+01
9.851999664306640625e+01
9.836000061035156250e+01
9.834999847412109375e+01
9.850000000000000000e+01
9.845999908447265625e+01
9.847000122070312500e+01
9.833999633789062500e+01
9.837999725341796875e+01
9.845999908447265625e+01
9.841999816894531250e+01
9.847000122070312500e+01
9.830999755859375000e+01
9.833000183105468750e+01
9.826000213623046875e+01
9.834999847412109375e+01
9.850000000000000000e+01
