3.368833160400390625e+01
5.529166793823242188e+01
5.306499862670898438e+01
6.137500000000000000e+01
6.737500000000000000e+01
7.183666992187500000e+01
6.615166473388671875e+01
7.526833343505859375e+01
7.502833557128906250e+01
8.566500091552734375e+01
8.307166290283203125e+01
8.864666748046875000e+01
8.661333465576171875e+01
8.168833160400390625e+01
8.522000122070312500e+01
8.733333587646484375e+01
8.555000305175781250e+01
9.239833068847656250e+01
9.224833679199218750e+01
9.083333587646484375e+01
8.984500122070312500e+01
9.194666290283203125e+01
9.004000091552734375e+01
9.248999786376953125e+01
8.812666320800781250e+01
9.053166961669921875e+01
8.850833129882812500e+01
9.144000244140625000e+01
8.707499694824218750e+01
9.090166473388671875e+01
9.415166473388671875e+01
8.987999725341796875e+01
9.347499847412109375e+01
9.036000061035156250e+01
8.962000274658203125e+01
8.966500091552734375e+01
9.285333251953125000e+01
9.108000183105468750e+01
9.266166687011718750e+01
9.207333374023437500e+01
9.047666931152343750e+01
9.223999786376953125e+01
9.351166534423828125e+01
9.365000152587890625e+01
9.265000152587890625e+01
9.204166412353515625e+01
9.291166687011718750e+01
9.278166961669921875e+01
9.366666412353515625e+01
9.189666748046875000e+01
9.379333496093750000e+01
9.224833679199218750e+01
9.360832977294921875e+01
9.402333068847656250e+01
9.285832977294921875e+01
9.385500335693359375e+01
9.318166351318359375e+01
9.306333160400390625e+01
9.200499725341796875e+01
9.368666839599609375e+01
9.230166625976562500e+01
9.301000213623046875e+01
9.404166412353515625e+01
9.419000244140625000e+01
9.220666503906250000e+01
9.380500030517578125e+01
9.357333374023437500e+01
9.251667022705078125e+01
9.306166839599609375e+01
9.275833129882812500e+01
9.416333007812500000e+01
9.316500091552734375e+01
9.248166656494140625e+01
9.203666687011718750e+01
8.861499786376953125e+01
9.185333251953125000e+01
9.115666961669921875e+01
9.240333557128906250e+01
9.183999633789062500e+01
9.294166564941406250e+01
9.389333343505859375e+01
9.358000183105468750e+01
9.337500000000000000e+01
9.162666320800781250e+01
9.316999816894531250e+01
9.309999847412109375e+01
9.343333435058593750e+01
9.392333221435546875e+01
9.285166931152343750e+01
9.158999633789062500e+01
9.271166992187500000e+01
9.325833129882812500e+01
9.360166931152343750e+01
9.393499755859375000e+01
9.368166351318359375e+01
9.359500122070312500e+01
9.291166687011718750e+01
9.201667022705078125e+01
9.166000366210937500e+01
9.412666320800781250e+01
9.303500366210937500e+01
9.397833251953125000e+01
9.351667022705078125e+01
9.224833679199218750e+01
9.259833526611328125e+01
9.316000366210937500e+01
9.383666992187500000e+01
9.351333618164062500e+01
9.271499633789062500e+01
9.327833557128906250e+01
9.312833404541015625e+01
9.419999694824218750e+01
9.312999725341796875e+01
9.331166839599609375e+01
9.348666381835937500e+01
9.349833679199218750e+01
9.372666931152343750e+01
9.332166290283203125e+01
9.343499755859375000e+01
9.439833068847656250e+01
9.396666717529296875e+01
9.218833160400390625e+01
9.389499664306640625e+01
9.335832977294921875e+01
9.381333160400390625e+01
9.389833068847656250e+01
9.299500274658203125e+01
9.223166656494140625e+01
9.252166748046875000e+01
9.313166809082031250e+01
9.386833190917968750e+01
9.214833068847656250e+01
9.191666412353515625e+01
9.259333038330078125e+01
9.265833282470703125e+01
9.307333374023437500e+01
9.239333343505859375e+01
9.361333465576171875e+01
8.983666992187500000e+01
9.253833007812500000e+01
9.406166839599609375e+01
9.375333404541015625e+01
9.304666900634765625e+01
9.348000335693359375e+01
9.402833557128906250e+01
9.361000061035156250e+01
9.377166748046875000e+01
9.245666503906250000e+01
9.388833618164062500e+01
9.282833099365234375e+01
9.213500213623046875e+01
9.239167022705078125e+01
9.279499816894531250e+01
9.358999633789062500e+01
9.251499938964843750e+01
9.315666961669921875e+01
9.169499969482421875e+01
9.334999847412109375e+01
9.246166992187500000e+01
9.062333679199218750e+01
9.145333099365234375e+01
9.277666473388671875e+01
9.356999969482421875e+01
9.385333251953125000e+01
9.294333648681640625e+01
9.317166900634765625e+01
9.371499633789062500e+01
9.412000274658203125e+01
9.401333618164062500e+01
9.386333465576171875e+01
9.330999755859375000e+01
9.395166778564453125e+01
9.415499877929687500e+01
9.357166290283203125e+01
9.335832977294921875e+01
9.354499816894531250e+01
9.341166687011718750e+01
9.332166290283203125e+01
9.431166839599609375e+01
9.358666992187500000e+01
9.385832977294921875e+01
9.379833221435546875e+01
9.383499908447265625e+01
9.250166320800781250e+01
9.394833374023437500e+01
9.471666717529296875e+01
9.444000244140625000e+01
9.420333099365234375e+01
9.386333465576171875e+01
9.373000335693359375e+01
9.354833221435546875e+01
9.407666778564453125e+01
9.362500000000000000e+01
9.475333404541015625e+01
9.391500091552734375e+01
9.277500152587890625e+01
9.396166992187500000e+01
9.358166503906250000e+01
9.387333679199218750e+01
9.314833068847656250e+01
9.448666381835937500e+01
9.299666595458984375e+01
9.357833099365234375e+01
9.092833709716796875e+01
9.286333465576171875e+01
9.310500335693359375e+01
9.279166412353515625e+01
9.435166931152343750e+01
9.462833404541015625e+01
9.412166595458984375e+01
9.430999755859375000e+01
9.326333618164062500e+01
9.341500091552734375e+01
9.303500366210937500e+01
9.314333343505859375e+01
9.311499786376953125e+01
9.254333496093750000e+01
9.196833038330078125e+01
9.220666503906250000e+01
9.319166564941406250e+01
9.247333526611328125e+01
9.349500274658203125e+01
9.292833709716796875e+01
9.394166564941406250e+01
9.335166931152343750e+01
9.395666503906250000e+01
9.462166595458984375e+01
9.252166748046875000e+01
9.361166381835937500e+01
9.413333129882812500e+01
9.410500335693359375e+01
9.331500244140625000e+01
9.407166290283203125e+01
9.353833007812500000e+01
9.394166564941406250e+01
9.280999755859375000e+01
9.400666809082031250e+01
9.404499816894531250e+01
9.326667022705078125e+01
9.284666442871093750e+01
9.301000213623046875e+01
9.217500305175781250e+01
9.283333587646484375e+01
9.308999633789062500e+01
9.272000122070312500e+01
9.256666564941406250e+01
9.271666717529296875e+01
9.323166656494140625e+01
9.107833099365234375e+01
9.250333404541015625e+01
9.197833251953125000e+01
9.349500274658203125e+01
9.251000213623046875e+01
9.320999908447265625e+01
9.238833618164062500e+01
9.207666778564453125e+01
9.282166290283203125e+01
9.236833190917968750e+01
9.367500305175781250e+01
9.336833190917968750e+01
9.255833435058593750e+01
9.050833129882812500e+01
9.190666961669921875e+01
9.203500366210937500e+01
9.305166625976562500e+01
9.253833007812500000e+01
9.227500152587890625e+01
9.397333526611328125e+01
9.384333038330078125e+01
9.344000244140625000e+01
9.254499816894531250e+01
9.268666839599609375e+01
9.306666564941406250e+01
9.323000335693359375e+01
9.334166717529296875e+01
9.283000183105468750e+01
9.262666320800781250e+01
9.307833099365234375e+01
9.398500061035156250e+01
9.346499633789062500e+01
9.340666961669921875e+01
9.359333038330078125e+01
9.383499908447265625e+01
9.368166351318359375e+01
9.286166381835937500e+01
9.348999786376953125e+01
9.224666595458984375e+01
9.342666625976562500e+01
9.374333190917968750e+01
9.302333068847656250e+01
9.383499908447265625e+01
9.415166473388671875e+01
9.423666381835937500e+01
9.371499633789062500e+01
9.309999847412109375e+01
9.398000335693359375e+01
9.392333221435546875e+01
9.402333068847656250e+01
9.436833190917968750e+01
9.357666778564453125e+01
9.366166687011718750e+01
9.376000213623046875e+01
9.336499786376953125e+01
9.425000000000000000e+01
9.457333374023437500e+01
9.298332977294921875e+01
9.346833038330078125e+01
9.410500335693359375e+01
9.432166290283203125e+01
9.366000366210937500e+01
9.243166351318359375e+01
9.280333709716796875e+01
9.308000183105468750e+01
9.333000183105468750e+01
9.324833679199218750e+01
9.310832977294921875e+01
9.353333282470703125e+01
9.283333587646484375e+01
9.264333343505859375e+01
9.358166503906250000e+01
9.186666870117187500e+01
9.306833648681640625e+01
9.213833618164062500e+01
9.192166900634765625e+01
9.279333496093750000e+01
9.263500213623046875e+01
9.310500335693359375e+01
9.303166961669921875e+01
9.271499633789062500e+01
9.307166290283203125e+01
9.351999664306640625e+01
9.391333007812500000e+01
9.335666656494140625e+01
9.173166656494140625e+01
9.030333709716796875e+01
9.268333435058593750e+01
9.136833190917968750e+01
9.346333312988281250e+01
9.323833465576171875e+01
9.346499633789062500e+01
9.352166748046875000e+01
9.347166442871093750e+01
9.131166839599609375e+01
9.220999908447265625e+01
9.280333709716796875e+01
9.221166992187500000e+01
9.067333221435546875e+01
9.297000122070312500e+01
9.322000122070312500e+01
9.284833526611328125e+01
9.056999969482421875e+01
9.306666564941406250e+01
9.267333221435546875e+01
9.337166595458984375e+01
9.332499694824218750e+01
9.371833038330078125e+01
9.358499908447265625e+01
9.408000183105468750e+01
9.354666900634765625e+01
9.339499664306640625e+01
9.320666503906250000e+01
9.268666839599609375e+01
9.320999908447265625e+01
9.138833618164062500e+01
9.362333679199218750e+01
9.393833160400390625e+01
9.454666900634765625e+01
9.335500335693359375e+01
9.393333435058593750e+01
9.346833038330078125e+01
9.415000152587890625e+01
9.393000030517578125e+01
9.439833068847656250e+01
9.427333068847656250e+01
9.336000061035156250e+01
9.381166839599609375e+01
9.447666931152343750e+01
9.365000152587890625e+01
9.372833251953125000e+01
9.448166656494140625e+01
9.450666809082031250e+01
9.403333282470703125e+01
9.475000000000000000e+01
9.455999755859375000e+01
9.462666320800781250e+01
9.409166717529296875e+01
9.430833435058593750e+01
9.352833557128906250e+01
9.325333404541015625e+01
9.408666992187500000e+01
9.392666625976562500e+01
9.368166351318359375e+01
9.360166931152343750e+01
9.421333312988281250e+01
9.400166320800781250e+01
9.373666381835937500e+01
9.236166381835937500e+01
9.355000305175781250e+01
9.439333343505859375e+01
9.234833526611328125e+01
9.455500030517578125e+01
9.373166656494140625e+01
9.408833312988281250e+01
9.474666595458984375e+01
9.379666900634765625e+01
9.484999847412109375e+01
9.446333312988281250e+01
9.465499877929687500e+01
9.360333251953125000e+01
9.324666595458984375e+01
9.420333099365234375e+01
9.321499633789062500e+01
9.217333221435546875e+01
9.445833587646484375e+01
9.375166320800781250e+01
9.334999847412109375e+01
9.452500152587890625e+01
9.423666381835937500e+01
9.423833465576171875e+01
9.458000183105468750e+01
9.449333190917968750e+01
9.327833557128906250e+01
9.255999755859375000e+01
9.329166412353515625e+01
9.266000366210937500e+01
9.244833374023437500e+01
9.415000152587890625e+01
9.379000091552734375e+01
9.423166656494140625e+01
9.427500152587890625e+01
9.394999694824218750e+01
9.356999969482421875e+01
9.301499938964843750e+01
9.346666717529296875e+01
9.389833068847656250e+01
9.450833129882812500e+01
9.435166931152343750e+01
9.372000122070312500e+01
9.424500274658203125e+01
9.477166748046875000e+01
9.409666442871093750e+01
9.562333679199218750e+01
9.445166778564453125e+01
9.447000122070312500e+01
9.459833526611328125e+01
9.443166351318359375e+01
9.545833587646484375e+01
9.516000366210937500e+01
9.537333679199218750e+01
9.539499664306640625e+01
9.374833679199218750e+01
9.427333068847656250e+01
9.513999938964843750e+01
9.473833465576171875e+01
9.476166534423828125e+01
9.431999969482421875e+01
9.300000000000000000e+01
9.293000030517578125e+01
9.398000335693359375e+01
9.325000000000000000e+01
9.414333343505859375e+01
9.435666656494140625e+01
9.320333099365234375e+01
9.450000000000000000e+01
9.403833007812500000e+01
9.481666564941406250e+01
9.482166290283203125e+01
9.533166503906250000e+01
9.538666534423828125e+01
9.433666992187500000e+01
9.489167022705078125e+01
9.472499847412109375e+01
9.475499725341796875e+01
9.514499664306640625e+01
9.445166778564453125e+01
9.537333679199218750e+01
9.453666687011718750e+01
9.413500213623046875e+01
9.462666320800781250e+01
9.477999877929687500e+01
8.993833160400390625e+01
9.308166503906250000e+01
9.306500244140625000e+01
9.361666870117187500e+01
9.380999755859375000e+01
9.346166992187500000e+01
9.316333007812500000e+01
9.374833679199218750e+01
9.323166656494140625e+01
9.306333160400390625e+01
9.372499847412109375e+01
9.402500152587890625e+01
9.432833099365234375e+01
9.435333251953125000e+01
9.464333343505859375e+01
9.484333038330078125e+01
9.434666442871093750e+01
9.510666656494140625e+01
9.508333587646484375e+01
9.447499847412109375e+01
9.465333557128906250e+01
9.522833251953125000e+01
9.476166534423828125e+01
9.325666809082031250e+01
9.318000030517578125e+01
9.384333038330078125e+01
9.447000122070312500e+01
9.406166839599609375e+01
9.319166564941406250e+01
9.322666931152343750e+01
9.379000091552734375e+01
9.417333221435546875e+01
9.407833099365234375e+01
9.320833587646484375e+01
9.432499694824218750e+01
9.484333038330078125e+01
9.430500030517578125e+01
9.490333557128906250e+01
9.287333679199218750e+01
9.417666625976562500e+01
9.445666503906250000e+01
