5.463999938964843750e+01
7.984999847412109375e+01
8.316999816894531250e+01
8.761000061035156250e+01
8.811000061035156250e+01
8.568000030517578125e+01
9.015000152587890625e+01
9.111000061035156250e+01
9.030000305175781250e+01
8.300000000000000000e+01
8.897000122070312500e+01
8.433999633789062500e+01
9.169999694824218750e+01
8.272000122070312500e+01
9.250000000000000000e+01
9.294000244140625000e+01
9.318000030517578125e+01
9.312999725341796875e+01
9.148000335693359375e+01
9.001999664306640625e+01
8.952999877929687500e+01
8.591999816894531250e+01
9.231999969482421875e+01
8.816000366210937500e+01
9.220999908447265625e+01
9.262000274658203125e+01
9.479000091552734375e+01
9.275000000000000000e+01
9.304000091552734375e+01
9.431999969482421875e+01
9.190000152587890625e+01
9.273000335693359375e+01
9.155000305175781250e+01
9.102999877929687500e+01
9.226999664306640625e+01
9.012000274658203125e+01
9.356999969482421875e+01
9.472000122070312500e+01
9.395999908447265625e+01
9.444999694824218750e+01
9.368000030517578125e+01
9.287000274658203125e+01
9.230000305175781250e+01
9.287000274658203125e+01
9.358000183105468750e+01
9.262999725341796875e+01
9.315000152587890625e+01
9.101000213623046875e+01
9.134999847412109375e+01
9.333999633789062500e+01
9.226999664306640625e+01
9.240000152587890625e+01
9.505999755859375000e+01
9.362000274658203125e+01
9.283999633789062500e+01
9.120999908447265625e+01
9.356999969482421875e+01
9.400000000000000000e+01
9.411000061035156250e+01
9.318000030517578125e+01
9.350000000000000000e+01
9.337000274658203125e+01
9.248000335693359375e+01
9.293000030517578125e+01
9.397000122070312500e+01
9.036000061035156250e+01
9.412000274658203125e+01
9.277999877929687500e+01
9.138999938964843750e+01
9.301999664306640625e+01
9.316000366210937500e+01
8.790000152587890625e+01
9.355999755859375000e+01
9.315000152587890625e+01
9.259999847412109375e+01
9.180999755859375000e+01
9.268000030517578125e+01
9.281999969482421875e+01
9.081999969482421875e+01
9.275000000000000000e+01
9.197000122070312500e+01
9.240000152587890625e+01
9.036000061035156250e+01
9.300000000000000000e+01
9.187000274658203125e+01
9.134999847412109375e+01
9.169000244140625000e+01
9.266000366210937500e+01
9.318000030517578125e+01
9.318000030517578125e+01
9.240000152587890625e+01
8.634999847412109375e+01
8.948999786376953125e+01
9.212000274658203125e+01
9.126999664306640625e+01
8.998999786376953125e+01
8.994000244140625000e+01
8.936000061035156250e+01
9.155999755859375000e+01
9.212999725341796875e+01
9.288999938964843750e+01
9.144999694824218750e+01
9.080999755859375000e+01
9.087000274658203125e+01
8.891000366210937500e+01
8.948000335693359375e+01
9.237999725341796875e+01
9.116000366210937500e+01
9.145999908447265625e+01
8.756999969482421875e+01
9.220999908447265625e+01
9.079000091552734375e+01
8.872000122070312500e+01
9.119000244140625000e+01
8.759999847412109375e+01
9.094999694824218750e+01
9.119999694824218750e+01
8.887000274658203125e+01
9.137000274658203125e+01
8.926000213623046875e+01
8.951999664306640625e+01
8.533000183105468750e+01
8.376999664306640625e+01
8.819000244140625000e+01
8.512999725341796875e+01
9.029000091552734375e+01
8.398000335693359375e+01
9.166999816894531250e+01
9.090000152587890625e+01
8.713999938964843750e+01
9.184999847412109375e+01
8.633000183105468750e+01
9.100000000000000000e+01
8.887000274658203125e+01
8.905999755859375000e+01
8.715000152587890625e+01
8.858999633789062500e+01
9.073999786376953125e+01
8.818000030517578125e+01
8.693000030517578125e+01
9.066000366210937500e+01
8.343000030517578125e+01
8.951999664306640625e+01
9.091999816894531250e+01
8.908000183105468750e+01
9.240000152587890625e+01
8.751000213623046875e+01
9.211000061035156250e+01
8.487999725341796875e+01
9.183999633789062500e+01
8.541999816894531250e+01
9.050000000000000000e+01
9.212000274658203125e+01
9.284999847412109375e+01
8.998999786376953125e+01
8.298999786376953125e+01
8.905999755859375000e+01
8.581999969482421875e+01
9.156999969482421875e+01
8.969999694824218750e+01
9.115000152587890625e+01
8.931999969482421875e+01
8.877999877929687500e+01
8.787000274658203125e+01
9.183000183105468750e+01
9.043000030517578125e+01
9.086000061035156250e+01
9.208000183105468750e+01
8.894000244140625000e+01
9.148999786376953125e+01
9.020999908447265625e+01
8.983000183105468750e+01
8.676999664306640625e+01
9.173000335693359375e+01
9.002999877929687500e+01
8.800000000000000000e+01
8.931999969482421875e+01
8.908999633789062500e+01
8.851999664306640625e+01
8.981999969482421875e+01
8.998000335693359375e+01
8.148000335693359375e+01
8.200000000000000000e+01
9.066999816894531250e+01
9.126999664306640625e+01
9.011000061035156250e+01
8.788999938964843750e+01
9.061000061035156250e+01
7.812999725341796875e+01
9.036000061035156250e+01
8.970999908447265625e+01
8.195999908447265625e+01
8.508999633789062500e+01
7.909999847412109375e+01
8.484999847412109375e+01
7.929000091552734375e+01
8.343000030517578125e+01
9.033000183105468750e+01
8.834999847412109375e+01
7.490000152587890625e+01
8.456999969482421875e+01
9.312000274658203125e+01
9.134999847412109375e+01
9.023000335693359375e+01
9.145999908447265625e+01
9.048000335693359375e+01
9.015000152587890625e+01
8.216000366210937500e+01
8.162999725341796875e+01
8.179000091552734375e+01
9.195999908447265625e+01
8.030999755859375000e+01
7.466000366210937500e+01
8.808000183105468750e+01
8.080999755859375000e+01
9.116000366210937500e+01
9.030999755859375000e+01
8.356999969482421875e+01
9.033000183105468750e+01
8.911000061035156250e+01
8.847000122070312500e+01
7.931999969482421875e+01
7.398999786376953125e+01
8.495999908447265625e+01
8.984999847412109375e+01
8.634999847412109375e+01
8.881999969482421875e+01
8.741000366210937500e+01
8.795999908447265625e+01
8.023999786376953125e+01
8.973000335693359375e+01
8.601999664306640625e+01
8.756999969482421875e+01
8.759999847412109375e+01
8.700000000000000000e+01
8.262000274658203125e+01
9.008999633789062500e+01
9.058000183105468750e+01
8.669999694824218750e+01
8.986000061035156250e+01
8.545999908447265625e+01
7.668000030517578125e+01
8.595999908447265625e+01
8.618000030517578125e+01
7.826000213623046875e+01
8.940000152587890625e+01
8.573000335693359375e+01
7.877999877929687500e+01
8.526999664306640625e+01
8.677999877929687500e+01
7.683999633789062500e+01
8.280000305175781250e+01
8.484999847412109375e+01
8.669999694824218750e+01
8.431999969482421875e+01
7.263999938964843750e+01
8.819000244140625000e+01
8.719000244140625000e+01
8.708999633789062500e+01
8.772000122070312500e+01
7.958000183105468750e+01
8.472000122070312500e+01
8.511000061035156250e+01
8.587000274658203125e+01
7.763999938964843750e+01
8.597000122070312500e+01
8.022000122070312500e+01
8.744000244140625000e+01
8.754000091552734375e+01
8.480000305175781250e+01
8.866000366210937500e+01
8.712999725341796875e+01
7.401000213623046875e+01
6.891999816894531250e+01
7.590000152587890625e+01
7.787999725341796875e+01
8.380999755859375000e+01
7.698999786376953125e+01
7.808999633789062500e+01
8.643000030517578125e+01
8.409999847412109375e+01
8.383000183105468750e+01
8.355000305175781250e+01
6.951000213623046875e+01
7.277999877929687500e+01
7.536000061035156250e+01
7.319999694824218750e+01
8.526999664306640625e+01
7.986000061035156250e+01
8.369000244140625000e+01
8.311000061035156250e+01
8.433000183105468750e+01
8.295999908447265625e+01
6.980000305175781250e+01
6.666000366210937500e+01
7.598999786376953125e+01
6.901999664306640625e+01
8.387999725341796875e+01
7.658000183105468750e+01
7.348000335693359375e+01
7.159999847412109375e+01
7.737000274658203125e+01
6.972000122070312500e+01
7.575000000000000000e+01
8.259999847412109375e+01
6.426999664306640625e+01
7.505000305175781250e+01
7.819000244140625000e+01
6.951000213623046875e+01
8.419000244140625000e+01
7.472000122070312500e+01
6.837999725341796875e+01
7.623000335693359375e+01
6.491999816894531250e+01
7.613999938964843750e+01
7.498000335693359375e+01
7.306999969482421875e+01
6.444999694824218750e+01
6.851000213623046875e+01
8.012999725341796875e+01
6.315000152587890625e+01
7.127999877929687500e+01
7.320999908447265625e+01
6.791999816894531250e+01
7.777999877929687500e+01
7.884999847412109375e+01
7.345999908447265625e+01
7.561000061035156250e+01
7.351000213623046875e+01
7.493000030517578125e+01
8.115000152587890625e+01
6.704000091552734375e+01
6.408000183105468750e+01
7.069999694824218750e+01
7.033999633789062500e+01
6.426999664306640625e+01
6.186000061035156250e+01
6.695999908447265625e+01
6.626000213623046875e+01
5.752999877929687500e+01
4.925000000000000000e+01
5.683000183105468750e+01
7.069000244140625000e+01
6.293000030517578125e+01
7.712000274658203125e+01
7.611000061035156250e+01
7.826999664306640625e+01
7.456999969482421875e+01
7.583999633789062500e+01
7.805000305175781250e+01
7.084999847412109375e+01
5.668999862670898438e+01
5.811999893188476562e+01
7.348000335693359375e+01
6.877999877929687500e+01
6.491000366210937500e+01
7.822000122070312500e+01
7.425000000000000000e+01
7.776000213623046875e+01
6.608000183105468750e+01
6.880999755859375000e+01
7.086000061035156250e+01
6.586000061035156250e+01
6.763999938964843750e+01
6.926000213623046875e+01
6.679000091552734375e+01
6.172999954223632812e+01
7.291999816894531250e+01
6.840000152587890625e+01
6.102000045776367188e+01
7.080000305175781250e+01
7.123000335693359375e+01
6.786000061035156250e+01
7.441999816894531250e+01
6.701000213623046875e+01
7.059999847412109375e+01
6.009000015258789062e+01
6.934999847412109375e+01
6.545999908447265625e+01
7.306999969482421875e+01
7.111000061035156250e+01
6.209000015258789062e+01
6.779000091552734375e+01
6.608000183105468750e+01
7.288999938964843750e+01
6.438999938964843750e+01
6.648999786376953125e+01
7.554000091552734375e+01
6.569000244140625000e+01
7.725000000000000000e+01
7.005999755859375000e+01
6.937999725341796875e+01
6.651000213623046875e+01
6.752999877929687500e+01
6.519000244140625000e+01
6.065999984741210938e+01
6.154999923706054688e+01
6.440000152587890625e+01
6.065000152587890625e+01
6.645999908447265625e+01
5.422000122070312500e+01
6.715000152587890625e+01
7.072000122070312500e+01
6.591999816894531250e+01
5.329999923706054688e+01
6.136000061035156250e+01
6.009999847412109375e+01
6.377000045776367188e+01
6.783000183105468750e+01
7.426000213623046875e+01
6.630000305175781250e+01
6.225999832153320312e+01
5.715000152587890625e+01
5.749000167846679688e+01
6.675000000000000000e+01
5.793999862670898438e+01
5.702000045776367188e+01
5.620999908447265625e+01
5.815999984741210938e+01
5.550999832153320312e+01
6.548000335693359375e+01
6.234999847412109375e+01
5.327000045776367188e+01
6.444000244140625000e+01
6.416999816894531250e+01
6.956999969482421875e+01
6.122000122070312500e+01
6.865000152587890625e+01
6.408999633789062500e+01
6.352999877929687500e+01
6.926000213623046875e+01
7.301000213623046875e+01
6.543000030517578125e+01
7.412000274658203125e+01
6.270000076293945312e+01
6.331999969482421875e+01
6.254999923706054688e+01
6.519000244140625000e+01
5.838999938964843750e+01
6.395999908447265625e+01
6.002000045776367188e+01
4.997000122070312500e+01
5.193000030517578125e+01
4.904000091552734375e+01
6.138999938964843750e+01
6.209000015258789062e+01
6.174000167846679688e+01
5.440999984741210938e+01
5.829000091552734375e+01
6.172999954223632812e+01
4.697000122070312500e+01
5.133000183105468750e+01
6.220000076293945312e+01
6.605000305175781250e+01
6.368000030517578125e+01
5.904000091552734375e+01
5.345999908447265625e+01
5.481999969482421875e+01
4.688999938964843750e+01
6.508000183105468750e+01
4.911000061035156250e+01
5.320999908447265625e+01
5.243999862670898438e+01
6.705999755859375000e+01
6.025999832153320312e+01
5.493999862670898438e+01
4.813999938964843750e+01
5.384999847412109375e+01
5.559999847412109375e+01
7.038999938964843750e+01
5.075000000000000000e+01
5.679000091552734375e+01
4.506000137329101562e+01
5.663000106811523438e+01
4.125000000000000000e+01
5.077999877929687500e+01
5.202000045776367188e+01
5.761999893188476562e+01
5.643999862670898438e+01
5.193999862670898438e+01
4.765000152587890625e+01
4.531000137329101562e+01
4.940000152587890625e+01
4.200000000000000000e+01
4.659000015258789062e+01
3.697999954223632812e+01
6.118000030517578125e+01
4.620000076293945312e+01
4.195999908447265625e+01
3.600999832153320312e+01
3.522000122070312500e+01
4.584000015258789062e+01
5.572000122070312500e+01
4.131999969482421875e+01
4.277000045776367188e+01
5.561000061035156250e+01
4.761999893188476562e+01
4.874000167846679688e+01
4.816999816894531250e+01
3.784999847412109375e+01
5.188000106811523438e+01
4.520999908447265625e+01
3.359000015258789062e+01
4.815999984741210938e+01
4.595999908447265625e+01
3.802999877929687500e+01
4.206000137329101562e+01
4.561000061035156250e+01
4.483000183105468750e+01
4.668999862670898438e+01
3.984999847412109375e+01
5.143000030517578125e+01
5.679999923706054688e+01
4.204000091552734375e+01
4.790000152587890625e+01
4.072999954223632812e+01
3.779999923706054688e+01
4.718999862670898438e+01
4.483000183105468750e+01
4.193999862670898438e+01
5.915999984741210938e+01
3.552999877929687500e+01
4.300999832153320312e+01
5.113000106811523438e+01
5.143999862670898438e+01
5.625999832153320312e+01
5.297999954223632812e+01
3.135000038146972656e+01
4.720000076293945312e+01
4.715999984741210938e+01
4.688999938964843750e+01
3.649000167846679688e+01
3.922000122070312500e+01
5.625000000000000000e+01
4.661999893188476562e+01
5.213999938964843750e+01
5.093999862670898438e+01
3.902999877929687500e+01
2.759000015258789062e+01
4.652000045776367188e+01
4.479000091552734375e+01
3.979999923706054688e+01
4.450000000000000000e+01
4.790000152587890625e+01
4.000000000000000000e+01
4.566999816894531250e+01
3.990999984741210938e+01
4.993999862670898438e+01
3.856000137329101562e+01
4.563000106811523438e+01
4.588999938964843750e+01
4.515000152587890625e+01
3.388999938964843750e+01
6.022999954223632812e+01
5.231000137329101562e+01
5.188999938964843750e+01
3.934000015258789062e+01
5.134999847412109375e+01
4.581999969482421875e+01
4.625999832153320312e+01
4.845000076293945312e+01
3.806999969482421875e+01
4.593999862670898438e+01
3.770000076293945312e+01
4.143999862670898438e+01
4.684000015258789062e+01
4.313000106811523438e+01
4.729999923706054688e+01
4.511999893188476562e+01
4.131999969482421875e+01
4.097000122070312500e+01
4.702000045776367188e+01
5.084000015258789062e+01
4.465000152587890625e+01
3.920000076293945312e+01
4.713999938964843750e+01
4.709999847412109375e+01
3.827000045776367188e+01
4.424000167846679688e+01
5.372999954223632812e+01
4.045000076293945312e+01
3.674000167846679688e+01
4.808000183105468750e+01
4.088999938964843750e+01
3.284999847412109375e+01
3.550999832153320312e+01
4.534999847412109375e+01
4.359000015258789062e+01
4.761000061035156250e+01
4.138999938964843750e+01
4.145999908447265625e+01
3.638000106811523438e+01
3.824000167846679688e+01
3.043000030517578125e+01
3.920000076293945312e+01
4.125999832153320312e+01
4.000000000000000000e+01
4.186999893188476562e+01
4.529999923706054688e+01
3.681999969482421875e+01
4.597000122070312500e+01
2.721999931335449219e+01
3.004000091552734375e+01
2.952000045776367188e+01
3.192000007629394531e+01
3.743000030517578125e+01
3.087000083923339844e+01
4.468999862670898438e+01
4.577000045776367188e+01
4.256999969482421875e+01
3.110000038146972656e+01
2.945999908447265625e+01
3.263999938964843750e+01
3.952000045776367188e+01
3.354000091552734375e+01
3.027000045776367188e+01
2.726000022888183594e+01
3.572000122070312500e+01
3.243999862670898438e+01
3.456000137329101562e+01
2.576000022888183594e+01
2.611000061035156250e+01
3.788999938964843750e+01
2.722999954223632812e+01
3.283000183105468750e+01
2.795000076293945312e+01
3.836000061035156250e+01
3.536999893188476562e+01
4.102999877929687500e+01
4.711999893188476562e+01
4.188000106811523438e+01
3.979000091552734375e+01
3.852999877929687500e+01
3.731000137329101562e+01
3.490999984741210938e+01
3.875999832153320312e+01
3.661999893188476562e+01
3.806000137329101562e+01
4.938000106811523438e+01
3.770999908447265625e+01
4.079999923706054688e+01
3.736999893188476562e+01
3.561999893188476562e+01
3.850000000000000000e+01
4.291999816894531250e+01
4.722000122070312500e+01
3.236999893188476562e+01
4.013999938964843750e+01
4.595999908447265625e+01
3.513999938964843750e+01
3.265999984741210938e+01
4.034999847412109375e+01
4.149000167846679688e+01
3.677999877929687500e+01
4.024000167846679688e+01
3.634000015258789062e+01
3.918999862670898438e+01
4.141999816894531250e+01
4.795999908447265625e+01
4.068999862670898438e+01
3.852000045776367188e+01
4.620000076293945312e+01
4.484999847412109375e+01
3.399000167846679688e+01
4.240999984741210938e+01
4.272999954223632812e+01
3.433000183105468750e+01
3.772999954223632812e+01
3.627999877929687500e+01
3.447000122070312500e+01
3.865000152587890625e+01
3.695999908447265625e+01
2.734000015258789062e+01
3.874000167846679688e+01
3.142000007629394531e+01
2.956999969482421875e+01
4.047999954223632812e+01
3.216999816894531250e+01
3.816999816894531250e+01
3.875000000000000000e+01
4.088000106811523438e+01
3.608000183105468750e+01
3.883000183105468750e+01
2.800000000000000000e+01
2.912999916076660156e+01
2.855999946594238281e+01
2.855999946594238281e+01
3.759999847412109375e+01
3.431999969482421875e+01
3.245000076293945312e+01
3.538000106811523438e+01
3.153000068664550781e+01
2.595999908447265625e+01
3.508000183105468750e+01
2.712999916076660156e+01
3.297999954223632812e+01
3.104000091552734375e+01
3.047999954223632812e+01
3.461999893188476562e+01
2.297999954223632812e+01
2.384000015258789062e+01
3.420999908447265625e+01
2.980999946594238281e+01
2.927000045776367188e+01
3.079999923706054688e+01
3.422000122070312500e+01
3.076000022888183594e+01
3.268999862670898438e+01
3.718999862670898438e+01
3.040999984741210938e+01
2.523999977111816406e+01
3.431000137329101562e+01
3.208000183105468750e+01
3.125000000000000000e+01
3.618999862670898438e+01
3.581999969482421875e+01
3.995999908447265625e+01
3.890999984741210938e+01
3.313000106811523438e+01
3.015999984741210938e+01
2.761000061035156250e+01
2.960000038146972656e+01
2.819000053405761719e+01
2.722999954223632812e+01
2.906999969482421875e+01
3.343000030517578125e+01
3.150000000000000000e+01
2.545999908447265625e+01
2.039999961853027344e+01
2.226000022888183594e+01
2.904000091552734375e+01
2.806999969482421875e+01
3.165999984741210938e+01
2.988999938964843750e+01
3.670999908447265625e+01
3.350999832153320312e+01
2.907999992370605469e+01
2.346999931335449219e+01
2.107999992370605469e+01
3.409999847412109375e+01
2.979000091552734375e+01
3.652000045776367188e+01
3.222999954223632812e+01
3.484999847412109375e+01
3.581000137329101562e+01
2.945999908447265625e+01
2.373999977111816406e+01
3.238999938964843750e+01
2.825000000000000000e+01
2.744000053405761719e+01
3.558000183105468750e+01
2.887000083923339844e+01
2.956999969482421875e+01
2.272999954223632812e+01
3.023999977111816406e+01
2.245999908447265625e+01
2.448999977111816406e+01
3.379000091552734375e+01
3.920999908447265625e+01
2.254000091552734375e+01
1.859000015258789062e+01
2.937000083923339844e+01
3.511000061035156250e+01
3.272999954223632812e+01
2.659000015258789062e+01
3.283000183105468750e+01
2.729000091552734375e+01
3.104000091552734375e+01
3.012999916076660156e+01
3.286000061035156250e+01
2.525000000000000000e+01
3.153000068664550781e+01
3.272000122070312500e+01
2.978000068664550781e+01
3.654999923706054688e+01
2.559000015258789062e+01
2.948999977111816406e+01
2.443000030517578125e+01
2.971999931335449219e+01
3.023999977111816406e+01
3.234999847412109375e+01
2.393000030517578125e+01
3.084000015258789062e+01
3.192000007629394531e+01
2.893000030517578125e+01
3.196999931335449219e+01
2.575000000000000000e+01
2.684000015258789062e+01
3.568000030517578125e+01
2.830999946594238281e+01
2.897999954223632812e+01
3.150000000000000000e+01
2.847999954223632812e+01
3.318999862670898438e+01
2.585000038146972656e+01
3.169000053405761719e+01
3.458000183105468750e+01
2.909000015258789062e+01
3.095000076293945312e+01
2.770000076293945312e+01
2.370999908447265625e+01
2.670000076293945312e+01
3.190999984741210938e+01
2.926000022888183594e+01
2.781999969482421875e+01
3.088999938964843750e+01
2.953000068664550781e+01
2.494000053405761719e+01
2.844000053405761719e+01
3.372999954223632812e+01
3.920000076293945312e+01
3.204999923706054688e+01
3.586000061035156250e+01
2.885000038146972656e+01
3.300000000000000000e+01
3.625999832153320312e+01
2.627000045776367188e+01
2.647999954223632812e+01
2.748999977111816406e+01
3.043000030517578125e+01
3.534999847412109375e+01
3.189999961853027344e+01
3.706000137329101562e+01
3.433000183105468750e+01
3.204999923706054688e+01
3.054000091552734375e+01
3.122999954223632812e+01
3.329000091552734375e+01
3.479999923706054688e+01
2.994000053405761719e+01
3.534000015258789062e+01
3.713999938964843750e+01
2.975000000000000000e+01
3.187999916076660156e+01
3.495999908447265625e+01
3.299000167846679688e+01
3.349000167846679688e+01
3.565000152587890625e+01
2.995000076293945312e+01
3.768999862670898438e+01
3.486999893188476562e+01
3.180999946594238281e+01
3.497000122070312500e+01
3.770999908447265625e+01
2.921999931335449219e+01
2.792000007629394531e+01
3.076000022888183594e+01
2.950000000000000000e+01
2.732999992370605469e+01
3.281000137329101562e+01
3.545999908447265625e+01
2.277000045776367188e+01
2.412999916076660156e+01
3.064999961853027344e+01
2.934000015258789062e+01
2.795999908447265625e+01
3.533000183105468750e+01
2.830999946594238281e+01
3.006999969482421875e+01
2.523999977111816406e+01
2.284000015258789062e+01
2.278000068664550781e+01
2.102000045776367188e+01
2.360000038146972656e+01
2.388999938964843750e+01
2.751000022888183594e+01
2.511000061035156250e+01
2.709000015258789062e+01
2.321999931335449219e+01
2.620000076293945312e+01
2.636000061035156250e+01
2.054999923706054688e+01
2.963999938964843750e+01
2.411000061035156250e+01
2.645999908447265625e+01
2.630999946594238281e+01
2.562000083923339844e+01
2.771999931335449219e+01
2.445000076293945312e+01
2.605999946594238281e+01
2.931999969482421875e+01
3.281999969482421875e+01
2.407999992370605469e+01
2.531999969482421875e+01
2.595999908447265625e+01
2.128000068664550781e+01
2.676000022888183594e+01
3.160000038146972656e+01
2.442000007629394531e+01
3.295000076293945312e+01
3.063999938964843750e+01
1.945000076293945312e+01
2.186000061035156250e+01
2.587000083923339844e+01
2.785000038146972656e+01
3.365000152587890625e+01
2.579999923706054688e+01
3.048999977111816406e+01
3.104999923706054688e+01
2.870000076293945312e+01
3.361999893188476562e+01
2.821999931335449219e+01
3.097999954223632812e+01
2.787000083923339844e+01
3.618999862670898438e+01
2.844000053405761719e+01
3.137000083923339844e+01
2.621999931335449219e+01
2.911000061035156250e+01
2.864999961853027344e+01
2.271999931335449219e+01
2.929999923706054688e+01
2.022999954223632812e+01
2.077000045776367188e+01
2.470999908447265625e+01
2.584000015258789062e+01
1.860000038146972656e+01
2.156999969482421875e+01
2.152000045776367188e+01
1.689999961853027344e+01
1.862999916076660156e+01
1.497999954223632812e+01
2.064999961853027344e+01
2.262000083923339844e+01
2.445000076293945312e+01
2.060000038146972656e+01
2.531999969482421875e+01
2.137999916076660156e+01
2.606999969482421875e+01
2.510000038146972656e+01
1.910000038146972656e+01
2.488999938964843750e+01
2.045000076293945312e+01
2.587999916076660156e+01
2.295999908447265625e+01
2.153000068664550781e+01
2.229000091552734375e+01
1.965999984741210938e+01
2.435000038146972656e+01
2.513999938964843750e+01
2.237000083923339844e+01
2.363999938964843750e+01
2.457999992370605469e+01
2.864999961853027344e+01
2.418000030517578125e+01
2.372999954223632812e+01
2.406999969482421875e+01
2.087000083923339844e+01
1.772999954223632812e+01
1.640999984741210938e+01
1.900000000000000000e+01
1.742000007629394531e+01
2.045999908447265625e+01
2.198999977111816406e+01
2.095000076293945312e+01
1.887999916076660156e+01
2.345000076293945312e+01
2.029999923706054688e+01
1.920999908447265625e+01
1.862000083923339844e+01
2.440999984741210938e+01
2.450000000000000000e+01
2.430999946594238281e+01
2.492000007629394531e+01
2.073999977111816406e+01
2.212999916076660156e+01
1.543000030517578125e+01
1.918000030517578125e+01
1.878000068664550781e+01
1.775000000000000000e+01
1.868000030517578125e+01
2.194000053405761719e+01
1.754999923706054688e+01
1.702000045776367188e+01
1.760000038146972656e+01
2.164999961853027344e+01
1.745999908447265625e+01
1.910000038146972656e+01
1.742000007629394531e+01
1.610000038146972656e+01
1.795999908447265625e+01
1.668000030517578125e+01
1.698999977111816406e+01
1.627000045776367188e+01
1.655999946594238281e+01
1.809000015258789062e+01
1.829999923706054688e+01
2.077000045776367188e+01
2.479999923706054688e+01
1.997999954223632812e+01
1.688999938964843750e+01
1.922999954223632812e+01
2.056999969482421875e+01
1.664999961853027344e+01
1.756999969482421875e+01
1.655999946594238281e+01
1.819000053405761719e+01
2.314999961853027344e+01
1.929999923706054688e+01
1.945999908447265625e+01
2.406999969482421875e+01
2.504000091552734375e+01
2.570000076293945312e+01
2.342000007629394531e+01
1.912999916076660156e+01
1.970000076293945312e+01
1.786000061035156250e+01
1.719000053405761719e+01
2.439999961853027344e+01
1.679999923706054688e+01
1.601000022888183594e+01
1.802000045776367188e+01
1.700000000000000000e+01
1.729000091552734375e+01
1.640999984741210938e+01
2.398999977111816406e+01
2.112999916076660156e+01
2.368000030517578125e+01
2.162000083923339844e+01
1.443999958038330078e+01
1.543999958038330078e+01
1.645999908447265625e+01
1.981999969482421875e+01
2.092000007629394531e+01
2.054000091552734375e+01
2.715999984741210938e+01
1.752000045776367188e+01
1.522999954223632812e+01
1.585999965667724609e+01
2.154999923706054688e+01
1.521000003814697266e+01
1.564999961853027344e+01
1.510999965667724609e+01
1.794000053405761719e+01
1.635000038146972656e+01
1.881999969482421875e+01
1.563000011444091797e+01
1.790999984741210938e+01
2.157999992370605469e+01
1.534000015258789062e+01
1.618000030517578125e+01
1.413000011444091797e+01
1.392000007629394531e+01
1.419999980926513672e+01
1.468999958038330078e+01
1.628000068664550781e+01
1.539999961853027344e+01
1.743000030517578125e+01
1.560000038146972656e+01
1.582999992370605469e+01
1.531000041961669922e+01
1.471000003814697266e+01
1.589999961853027344e+01
1.501000022888183594e+01
1.777000045776367188e+01
1.684000015258789062e+01
1.405000019073486328e+01
1.553999996185302734e+01
1.822999954223632812e+01
1.989999961853027344e+01
1.547000026702880859e+01
1.650000000000000000e+01
1.892000007629394531e+01
1.714999961853027344e+01
1.687999916076660156e+01
1.602000045776367188e+01
1.522999954223632812e+01
1.488000011444091797e+01
1.426000022888183594e+01
1.489999961853027344e+01
1.357999992370605469e+01
1.189000034332275391e+01
1.257999992370605469e+01
1.228999996185302734e+01
1.231000041961669922e+01
1.505000019073486328e+01
1.421000003814697266e+01
1.544999980926513672e+01
1.482999992370605469e+01
1.610000038146972656e+01
1.763999938964843750e+01
1.778000068664550781e+01
1.687000083923339844e+01
1.620000076293945312e+01
1.795999908447265625e+01
1.757999992370605469e+01
1.720999908447265625e+01
1.654999923706054688e+01
1.390999984741210938e+01
1.489000034332275391e+01
1.687000083923339844e+01
1.589000034332275391e+01
1.703000068664550781e+01
1.698999977111816406e+01
2.069000053405761719e+01
1.843000030517578125e+01
1.931999969482421875e+01
1.853000068664550781e+01
2.152000045776367188e+01
1.635000038146972656e+01
1.686000061035156250e+01
1.937000083923339844e+01
1.900000000000000000e+01
1.472000026702880859e+01
1.713999938964843750e+01
1.568000030517578125e+01
2.030999946594238281e+01
1.887999916076660156e+01
2.037000083923339844e+01
1.543999958038330078e+01
1.671999931335449219e+01
1.663999938964843750e+01
1.739999961853027344e+01
1.671999931335449219e+01
1.720000076293945312e+01
1.687000083923339844e+01
1.705999946594238281e+01
1.855999946594238281e+01
1.917000007629394531e+01
1.557999992370605469e+01
1.696999931335449219e+01
1.677000045776367188e+01
1.759000015258789062e+01
1.734000015258789062e+01
1.644000053405761719e+01
1.625000000000000000e+01
1.677000045776367188e+01
1.727000045776367188e+01
1.477999973297119141e+01
1.601000022888183594e+01
1.522999954223632812e+01
1.440999984741210938e+01
1.463000011444091797e+01
1.636000061035156250e+01
1.477999973297119141e+01
1.497999954223632812e+01
1.568999958038330078e+01
1.600000000000000000e+01
1.705999946594238281e+01
1.547000026702880859e+01
1.542000007629394531e+01
1.422999954223632812e+01
1.586999988555908203e+01
1.480000019073486328e+01
1.509000015258789062e+01
1.477999973297119141e+01
1.696999931335449219e+01
1.830999946594238281e+01
1.957999992370605469e+01
1.488000011444091797e+01
1.419999980926513672e+01
1.575000000000000000e+01
1.801000022888183594e+01
1.810000038146972656e+01
1.811000061035156250e+01
2.120999908447265625e+01
2.327000045776367188e+01
1.806999969482421875e+01
1.546000003814697266e+01
1.578999996185302734e+01
1.802000045776367188e+01
1.795999908447265625e+01
1.628000068664550781e+01
1.703000068664550781e+01
1.812000083923339844e+01
1.809000015258789062e+01
1.889999961853027344e+01
2.044000053405761719e+01
1.692000007629394531e+01
1.637999916076660156e+01
1.688999938964843750e+01
1.685000038146972656e+01
1.551000022888183594e+01
1.600000000000000000e+01
1.689999961853027344e+01
1.521000003814697266e+01
1.645000076293945312e+01
1.536999988555908203e+01
1.669000053405761719e+01
1.451000022888183594e+01
1.714999961853027344e+01
1.662999916076660156e+01
1.543999958038330078e+01
1.334000015258789062e+01
1.327000045776367188e+01
1.323999977111816406e+01
1.414000034332275391e+01
1.253999996185302734e+01
1.409000015258789062e+01
1.500000000000000000e+01
1.417000007629394531e+01
1.278999996185302734e+01
1.342000007629394531e+01
