8.347000122070312500e+01
9.087999725341796875e+01
9.205000305175781250e+01
9.562000274658203125e+01
9.648999786376953125e+01
9.655999755859375000e+01
9.720999908447265625e+01
9.622000122070312500e+01
9.691999816894531250e+01
9.730999755859375000e+01
9.709999847412109375e+01
9.688999938964843750e+01
9.809999847412109375e+01
9.740000152587890625e+01
9.625000000000000000e+01
9.756999969482421875e+01
9.759999847412109375e+01
9.773999786376953125e+01
9.783000183105468750e+01
9.784999847412109375e+01
9.769999694824218750e+01
9.806999969482421875e+01
9.781999969482421875e+01
9.795999908447265625e+01
9.780000305175781250e+01
9.755999755859375000e+01
9.754000091552734375e+01
9.720999908447265625e+01
9.786000061035156250e+01
9.804000091552734375e+01
9.805000305175781250e+01
9.794999694824218750e+01
9.773999786376953125e+01
9.762000274658203125e+01
9.795999908447265625e+01
9.743000030517578125e+01
9.795999908447265625e+01
9.786000061035156250e+01
9.705000305175781250e+01
9.694999694824218750e+01
9.800000000000000000e+01
9.787999725341796875e+01
9.794999694824218750e+01
9.815000152587890625e+01
9.766999816894531250e+01
9.773999786376953125e+01
9.758999633789062500e+01
9.769999694824218750e+01
9.783000183105468750e+01
9.786000061035156250e+01
9.783000183105468750e+01
9.783999633789062500e+01
9.787999725341796875e+01
9.769000244140625000e+01
9.758999633789062500e+01
9.755000305175781250e+01
9.798000335693359375e+01
9.783000183105468750e+01
9.770999908447265625e+01
9.798000335693359375e+01
9.776999664306640625e+01
9.769999694824218750e+01
9.784999847412109375e+01
9.783000183105468750e+01
9.787999725341796875e+01
9.819000244140625000e+01
9.830000305175781250e+01
9.802999877929687500e+01
9.795999908447265625e+01
9.795999908447265625e+01
9.794999694824218750e+01
9.777999877929687500e+01
9.762999725341796875e+01
9.806999969482421875e+01
9.777999877929687500e+01
9.800000000000000000e+01
9.786000061035156250e+01
9.758999633789062500e+01
9.769000244140625000e+01
9.716999816894531250e+01
9.751000213623046875e+01
9.772000122070312500e+01
9.777999877929687500e+01
9.758999633789062500e+01
9.777999877929687500e+01
9.751999664306640625e+01
9.727999877929687500e+01
9.780000305175781250e+01
9.786000061035156250e+01
9.776999664306640625e+01
9.786000061035156250e+01
9.733000183105468750e+01
9.783999633789062500e+01
9.773999786376953125e+01
9.784999847412109375e+01
9.773000335693359375e+01
9.766999816894531250e+01
9.769000244140625000e+01
9.773999786376953125e+01
9.783999633789062500e+01
9.794999694824218750e+01
9.788999938964843750e+01
9.761000061035156250e+01
9.811000061035156250e+01
9.800000000000000000e+01
9.773000335693359375e+01
9.779000091552734375e+01
9.779000091552734375e+01
9.780999755859375000e+01
9.805000305175781250e+01
9.783999633789062500e+01
9.798999786376953125e+01
9.801000213623046875e+01
9.801000213623046875e+01
9.768000030517578125e+01
9.808000183105468750e+01
9.791000366210937500e+01
9.790000152587890625e+01
9.800000000000000000e+01
9.808999633789062500e+01
9.822000122070312500e+01
9.801999664306640625e+01
9.826999664306640625e+01
9.800000000000000000e+01
9.819999694824218750e+01
9.790000152587890625e+01
9.808000183105468750e+01
9.808999633789062500e+01
9.808000183105468750e+01
9.794000244140625000e+01
9.804000091552734375e+01
9.812999725341796875e+01
9.805000305175781250e+01
9.766000366210937500e+01
9.805000305175781250e+01
9.805000305175781250e+01
9.776999664306640625e+01
9.808000183105468750e+01
9.798000335693359375e+01
9.791000366210937500e+01
9.787999725341796875e+01
9.780999755859375000e+01
9.804000091552734375e+01
9.779000091552734375e+01
9.805999755859375000e+01
9.801000213623046875e+01
9.816999816894531250e+01
9.818000030517578125e+01
9.790000152587890625e+01
9.798000335693359375e+01
9.795999908447265625e+01
9.776000213623046875e+01
9.787000274658203125e+01
9.788999938964843750e+01
9.815000152587890625e+01
9.798999786376953125e+01
9.805000305175781250e+01
9.797000122070312500e+01
9.811000061035156250e+01
9.770999908447265625e+01
9.830000305175781250e+01
9.812000274658203125e+01
9.801000213623046875e+01
9.787000274658203125e+01
9.808999633789062500e+01
9.806999969482421875e+01
9.791999816894531250e+01
9.825000000000000000e+01
9.812000274658203125e+01
9.801000213623046875e+01
9.813999938964843750e+01
9.808000183105468750e+01
9.808999633789062500e+01
9.805000305175781250e+01
9.791999816894531250e+01
9.805999755859375000e+01
9.806999969482421875e+01
9.802999877929687500e+01
9.811000061035156250e+01
9.811000061035156250e+01
9.809999847412109375e+01
9.813999938964843750e+01
9.762999725341796875e+01
9.776000213623046875e+01
9.780000305175781250e+01
9.798000335693359375e+01
9.773999786376953125e+01
9.761000061035156250e+01
9.794000244140625000e+01
9.805000305175781250e+01
9.763999938964843750e+01
9.804000091552734375e+01
9.806999969482421875e+01
9.818000030517578125e+01
9.822000122070312500e+01
9.805000305175781250e+01
9.804000091552734375e+01
9.808999633789062500e+01
9.802999877929687500e+01
9.755999755859375000e+01
9.808000183105468750e+01
9.793000030517578125e+01
9.816000366210937500e+01
9.798999786376953125e+01
9.793000030517578125e+01
9.762999725341796875e+01
9.806999969482421875e+01
9.794999694824218750e+01
9.793000030517578125e+01
9.818000030517578125e+01
9.816999816894531250e+01
9.812999725341796875e+01
9.780999755859375000e+01
9.791999816894531250e+01
9.777999877929687500e+01
9.779000091552734375e+01
9.773999786376953125e+01
9.787999725341796875e+01
9.787000274658203125e+01
9.804000091552734375e+01
9.816999816894531250e+01
9.806999969482421875e+01
9.808000183105468750e+01
9.787000274658203125e+01
9.816999816894531250e+01
9.787000274658203125e+01
9.804000091552734375e+01
9.797000122070312500e+01
9.806999969482421875e+01
9.795999908447265625e+01
9.788999938964843750e+01
9.801000213623046875e+01
9.773999786376953125e+01
9.748999786376953125e+01
9.780999755859375000e+01
9.797000122070312500e+01
9.815000152587890625e+01
9.794000244140625000e+01
9.800000000000000000e+01
9.766000366210937500e+01
9.793000030517578125e+01
9.801000213623046875e+01
9.812000274658203125e+01
9.811000061035156250e+01
9.779000091552734375e+01
9.793000030517578125e+01
9.776000213623046875e+01
9.801999664306640625e+01
9.793000030517578125e+01
9.804000091552734375e+01
9.790000152587890625e+01
9.783000183105468750e+01
9.805000305175781250e+01
9.813999938964843750e+01
9.815000152587890625e+01
9.775000000000000000e+01
9.812000274658203125e+01
9.823000335693359375e+01
9.816000366210937500e+01
9.795999908447265625e+01
9.816000366210937500e+01
9.815000152587890625e+01
9.806999969482421875e+01
9.819999694824218750e+01
9.793000030517578125e+01
9.812999725341796875e+01
9.805999755859375000e+01
9.794000244140625000e+01
9.783999633789062500e+01
9.773999786376953125e+01
9.762000274658203125e+01
9.794999694824218750e+01
9.794999694824218750e+01
9.784999847412109375e+01
9.784999847412109375e+01
9.781999969482421875e+01
9.794000244140625000e+01
9.793000030517578125e+01
9.786000061035156250e+01
9.786000061035156250e+01
9.779000091552734375e+01
9.780000305175781250e+01
9.798000335693359375e+01
9.801000213623046875e+01
9.766000366210937500e+01
9.758000183105468750e+01
9.794999694824218750e+01
9.776000213623046875e+01
9.812999725341796875e+01
9.783000183105468750e+01
9.790000152587890625e+01
9.783999633789062500e+01
9.781999969482421875e+01
9.805000305175781250e+01
9.805999755859375000e+01
9.780000305175781250e+01
9.798000335693359375e+01
9.811000061035156250e+01
9.805999755859375000e+01
9.813999938964843750e+01
9.805999755859375000e+01
9.780999755859375000e+01
9.806999969482421875e+01
9.806999969482421875e+01
9.813999938964843750e+01
9.816999816894531250e+01
9.787000274658203125e+01
9.791999816894531250e+01
9.798000335693359375e+01
9.800000000000000000e+01
9.800000000000000000e+01
9.801000213623046875e+01
9.813999938964843750e+01
9.804000091552734375e+01
9.793000030517578125e+01
9.783000183105468750e+01
9.801000213623046875e+01
9.794999694824218750e+01
9.801999664306640625e+01
9.808000183105468750e+01
9.798000335693359375e+01
9.791999816894531250e+01
9.784999847412109375e+01
9.809999847412109375e+01
9.801000213623046875e+01
9.800000000000000000e+01
9.808000183105468750e+01
9.794999694824218750e+01
9.779000091552734375e+01
9.801999664306640625e+01
9.769000244140625000e+01
9.798000335693359375e+01
9.790000152587890625e+01
9.794999694824218750e+01
9.795999908447265625e+01
9.809999847412109375e+01
9.816000366210937500e+01
9.812000274658203125e+01
9.808999633789062500e+01
9.820999908447265625e+01
9.811000061035156250e+01
9.805000305175781250e+01
9.800000000000000000e+01
9.808999633789062500e+01
9.812999725341796875e+01
9.804000091552734375e+01
9.806999969482421875e+01
9.780999755859375000e+01
9.794000244140625000e+01
9.795999908447265625e+01
9.783999633789062500e+01
9.787000274658203125e+01
9.809999847412109375e+01
9.822000122070312500e+01
