0.000000000000000000e+00
0.000000000000000000e+00
0.000000000000000000e+00
0.000000000000000000e+00
0.000000000000000000e+00
0.000000000000000000e+00
0.000000000000000000e+00
0.000000000000000000e+00
0.000000000000000000e+00
0.000000000000000000e+00
0.000000000000000000e+00
0.000000000000000000e+00
1.401298464324817071e-41
4.203895392974451213e-41
2.242077542919707313e-40
1.219129663962590852e-39
6.698206659472625599e-39
3.662994185745071823e-38
2.004137063677353375e-37
1.096417979862442050e-36
5.998384305508045852e-36
3.281623790976363519e-35
1.795310825874912385e-34
9.821934883791781264e-34
5.373383042280377460e-33
2.939692729457288112e-32
1.608271403987125811e-31
8.798597785396357785e-31
4.813572630346045666e-30
2.633429337254501259e-29
1.440696348611868175e-28
7.881880815949401246e-28
4.312018863713014071e-27
2.359055102919601242e-26
1.290601462623412793e-25
7.060675866353509534e-25
3.738714752429979814e-24
1.805223615709245824e-23
8.113940543354896220e-23
3.366536740669437883e-22
1.309868368855778971e-21
4.800117381638498876e-21
1.654055717579036253e-20
5.390130529950298399e-20
1.671257423093216631e-19
4.944094710381245608e-19
1.399305356501734292e-18
3.799428323455105648e-18
9.923966223026328492e-18
2.500334553995675260e-17
6.093096433615837241e-17
1.428452244117413110e-16
3.249119918087377788e-16
7.193379129558270541e-16
1.554290105739472138e-15
3.257212682623682187e-15
6.646399451176688775e-15
1.331876808548324714e-14
2.601905134760624377e-14
4.963628317503250564e-14
9.356675590571628121e-14
1.710203701744961169e-13
3.093543758832251189e-13
5.476786558988866460e-13
9.548469870682141369e-13
1.638831756932412897e-12
2.765936351484254985e-12
4.606503546666917970e-12
7.559115659805382137e-12
1.222690351743160875e-11
1.959234857684677422e-11
3.080651705955617103e-11
4.841186826420873501e-11
7.406383145669437340e-11
1.133079879922505029e-10
1.707862601341147979e-10
2.544450483643601046e-10
3.790829594674249847e-10
5.513478562590989895e-10
8.006457719034187903e-10
1.158712348292567640e-09
1.641531022222864067e-09
2.325519776746887146e-09
3.283671112797037495e-09
4.542313192246183462e-09
6.283348952251799346e-09
8.691710462471746723e-09
1.177177821887198661e-08
1.591415710322507948e-08
2.151403855066291726e-08
2.879137817046739656e-08
3.807231507835240336e-08
5.034515737634137622e-08
6.657385398511905805e-08
8.668867934602531022e-08
1.122264947639450838e-07
1.452883964248030679e-07
1.880892455119465012e-07
2.401095855475432472e-07
3.045847734028939158e-07
3.863730455577751854e-07
4.901216357211524155e-07
6.179879505907592829e-07
7.688094569857639726e-07
9.564448646415257826e-07
1.189867703033087309e-06
1.480263563280459493e-06
1.822955027819261886e-06
2.226037395303137600e-06
2.718252517297514714e-06
3.319298457427066751e-06
4.053252268931828439e-06
4.919707407680107281e-06
5.901824806642252952e-06
7.080014711391413584e-06
8.493377208651509136e-06
1.018890270643169060e-05
1.222290757141308859e-05
1.450700710847740993e-05
1.711143704596906900e-05
2.018351733568124473e-05
2.380700243520550430e-05
2.808099998219404370e-05
3.312242188258096576e-05
3.885120531776919961e-05
4.509682548814453185e-05
5.234626951278187335e-05
6.076131467125378549e-05
7.052900764392688870e-05
8.186705235857516527e-05
9.502742614131420851e-05
1.096440901164896786e-04
1.253505761269479990e-04
1.433067518519237638e-04
1.638350950088351965e-04
1.873044529929757118e-04
2.141357690561562777e-04
2.448101877234876156e-04
2.798791974782943726e-04
3.169499395880848169e-04
3.571886627469211817e-04
4.025366797577589750e-04
4.536419874057173729e-04
5.112345679663121700e-04
5.761377396993339062e-04
6.492818938568234444e-04
7.317134877666831017e-04
8.245051139965653419e-04
9.167089010588824749e-04
1.019223709590733051e-03
1.133202807977795601e-03
1.259925542399287224e-03
1.400822075083851814e-03
1.557474955916404724e-03
1.731646247208118439e-03
1.925294869579374790e-03
2.140599070116877556e-03
2.371930051594972610e-03
2.603952772915363312e-03
2.858671825379133224e-03
3.138307482004165649e-03
3.445297479629516602e-03
3.782317042350769043e-03
4.152304027229547501e-03
4.558483138680458069e-03
5.004385486245155334e-03
5.493915174156427383e-03
6.031331140547990799e-03
6.604327820241451263e-03
7.164972368627786636e-03
7.773180492222309113e-03
8.433034643530845642e-03
9.148901328444480896e-03
9.925537742674350739e-03
1.076809968799352646e-02
1.168218813836574554e-02
1.267386972904205322e-02
1.374973636120557785e-02
1.491692941635847092e-02
1.618317328393459320e-02
1.755697280168533325e-02
1.892638206481933594e-02
2.030788920819759369e-02
2.179023995995521545e-02
2.338079176843166351e-02
2.508747018873691559e-02
2.691867388784885406e-02
2.888359874486923218e-02
3.099195100367069244e-02
3.325420245528221130e-02
3.568151965737342834e-02
3.828604891896247864e-02
4.108073562383651733e-02
4.407941550016403198e-02
4.729698598384857178e-02
5.074936896562576294e-02
5.390997231006622314e-02
5.725790560245513916e-02
6.081375479698181152e-02
6.459030508995056152e-02
6.860158592462539673e-02
7.286182790994644165e-02
7.738664746284484863e-02
8.219254016876220703e-02
8.729688823223114014e-02
9.271813929080963135e-02
9.847605973482131958e-02
1.045917570590972900e-01
1.110869348049163818e-01
1.179856881499290466e-01
1.253128796815872192e-01
1.330948472023010254e-01
1.413604915142059326e-01
1.488134413957595825e-01
1.565782278776168823e-01
1.647483259439468384e-01
1.733444035053253174e-01
1.823895275592803955e-01
1.919060498476028442e-01
2.019193172454833984e-01
2.124554812908172607e-01
2.235407680273056030e-01
2.352049201726913452e-01
2.474774420261383057e-01
2.603905797004699707e-01
2.739769518375396729e-01
2.882730960845947266e-01
3.033143281936645508e-01
3.191409707069396973e-01
3.357930779457092285e-01
3.533141016960144043e-01
3.717496991157531738e-01
3.911464810371398926e-01
4.087585806846618652e-01
4.264143705368041992e-01
4.448328018188476562e-01
4.640463292598724365e-01
4.840897321701049805e-01
5.049998164176940918e-01
5.268121361732482910e-01
5.495671033859252930e-01
5.733044147491455078e-01
5.980669856071472168e-01
6.238996982574462891e-01
6.508476734161376953e-01
6.789608001708984375e-01
7.082875967025756836e-01
7.388804554939270020e-01
7.707947492599487305e-01
8.040881752967834473e-01
8.388189673423767090e-01
8.750506043434143066e-01
9.128464460372924805e-01
9.522747397422790527e-01
9.934070110321044922e-01
